# Created by Octave 3.2.4, Thu Nov 22 16:06:57 2012 CST <zac1164@zac1164-VirtualBox>
# name: data_curv_direct
# type: matrix
# rows: 208
# columns: 8
 0.1008667626259466 0.1537330245947806 0.08842856248826585 0.2173477689467426 0.04127292070842981 0.09368546216909694 0.07464484636084862 0.230020652105889
 0.09519701621292467 0.1601755765864055 0.08377946362875194 0.2270443762210438 0.04135691269378124 0.08932331971684469 0.0703955547661939 0.2327277801740542
 0.08182384567459676 0.1907492442947135 0.07006714816438608 0.2108821561252509 0.0337471444723908 0.1247086784964349 0.06549830398966242 0.2225234787825646
 0.08301648281106491 0.1737163850400466 0.07497753241751187 0.2273719347798177 0.03794305578873559 0.105217417067462 0.06469676170536358 0.2330604303899977
 0.08621946548379524 0.2537901721176776 0.08208023921021092 0.1196174613569249 0.04288732655406324 0.1984233872462407 0.0765324404136755 0.1404495076174119
 0.08777966732210235 0.1594568741032046 0.08060530371472605 0.2354918424828612 0.03874156347983207 0.08724823298081522 0.06852845830897593 0.2421480576074826
 0.08789318269354217 0.1764154576967518 0.0729875465399923 0.2213891385286943 0.03666709462061882 0.1049043522916934 0.06735139299011426 0.2323918346385929
 0.08354995234381769 0.1688978424746556 0.0769972272766658 0.2369487046183173 0.03718265314964041 0.09488995754267394 0.06345853912139329 0.238075123472836
 0.1009386015827399 0.2088848620411399 0.08324249331087108 0.1615159194190014 0.04299446465733256 0.1560938318445008 0.07833005365460027 0.1679997734898141
 0.08776839320240154 0.1807011295410604 0.08636918693395747 0.1727892540958584 0.04103490383636919 0.156647501780808 0.08790831382924595 0.1867813167802992
 0.1000626154950442 0.1714442798454466 0.08851692909176988 0.1765756960246797 0.0430672429328487 0.1417248278073886 0.08892927503474396 0.1896791337680783
 0.09505487574113788 0.1631512552037341 0.09063958622429671 0.1806105714646146 0.04467011479752744 0.1379336445061183 0.08970606786930743 0.1982338841932635
 0.1064429146016299 0.1897473750809695 0.09396984167633279 0.1685672536643418 0.04248075561514243 0.1386348914631758 0.08259644788575388 0.1775605200126538
 0.09265029180571591 0.1550128900627896 0.09291916428108245 0.1890489822386006 0.03995128663387477 0.1307511031679504 0.09314058867256077 0.2065256931374255
 0.1068955876790501 0.1652441330767839 0.08526978801782689 0.1884815892907067 0.04420543687404411 0.1239988817076981 0.08446395974147713 0.2014406236124131
 0.09631231836940511 0.159649146087395 0.0883238896482172 0.1907005135418464 0.04203877439987261 0.1287702862299128 0.08718268554519036 0.2070223861781605
 0.07088316376113127 0.2223279982546955 0.05877511354395986 0.176365006644057 0.03700838936157554 0.1973979096011582 0.06036175403105849 0.1768806648023641
 0.0622580825372503 0.1820256821573651 0.05983192472526157 0.2144196774167804 0.02872283541232712 0.160836705213845 0.06205856298034333 0.2298465295568272
 0.06486187374962755 0.2224492401992083 0.05598263312476057 0.1822330055761291 0.02977908313114545 0.1963308219469629 0.05961775848124973 0.1887455837909164
 0.05733782990041116 0.2110240689532282 0.06152861281785604 0.1926902186466741 0.02934208008025184 0.1867109283739102 0.06043966922513413 0.2009265920025343
 0.07799462810339369 0.2357302613437912 0.06358446439331271 0.1581135042944535 0.03747051073868685 0.2050920677716842 0.06246106396233544 0.1595534993923425
 0.06199695825287514 0.2151352552162545 0.05699003742374271 0.1879987696303765 0.02968266716792837 0.1905620396794204 0.05950204207180574 0.1981322305575967
 0.06317550723780389 0.2405333919230672 0.05456450645191276 0.1656455715456704 0.02985541293086693 0.2123596170259513 0.0587643763151001 0.1751016165696274
 0.05750421826293362 0.2087897160179598 0.05979923928275231 0.1957988961020391 0.02850544799382275 0.1863471272914462 0.0585623587954357 0.2046929962536105
 0.0821680499099854 0.2307544243028114 0.06393867684190264 0.1509527961140864 0.04181433213691278 0.2007269104043298 0.0698603924410376 0.159784417848934
 0.0751226529934708 0.2550260061234276 0.06598362167545833 0.1179774244715777 0.03980227968571323 0.2297207569441883 0.07729905197535873 0.1390682061308053
 0.08159455187703536 0.250161767669803 0.06698772687252708 0.1285336954100413 0.03799683890061631 0.2117830509912911 0.07573909261596885 0.1472032756627171
 0.06716698242634089 0.2659159208205396 0.06261840987783367 0.1120402430260665 0.03730319461684197 0.2407068661396747 0.0745655582413275 0.1396828248513752
 0.07225144247752875 0.2402559171016996 0.06379283275110885 0.1440416846567492 0.03789692663971425 0.2161066844604938 0.06689366879930918 0.1587608431133964
 0.06696029178996628 0.2498500742255474 0.0634505539880256 0.1266651592162569 0.03823353028500644 0.2281034635311698 0.07648672296666241 0.1502502039973652
 0.07595685708650382 0.25075001816653 0.06202572380645898 0.1324184322803666 0.03609429986193437 0.21216430847806 0.07271802431200755 0.1578723360081386
 0.06558936168406036 0.2625102961031903 0.06188701035129879 0.1167259665599552 0.03652250706928322 0.2381138388118509 0.07498110611991882 0.1436699133004424
 0.06352906758819926 0.2205278699615114 0.05758664509110191 0.1765996544252763 0.03240905808032327 0.1967947487269503 0.06267884406169148 0.1898741120649461
 0.05394666410464047 0.2195953828627898 0.05401528980633827 0.1904500473517342 0.02729930413538478 0.1917745233945017 0.05552505524368986 0.207393733100921
 0.05374011918229703 0.2385807651013482 0.05100195274501185 0.1726485995719814 0.02661786005087225 0.2105361762226274 0.0548209743549096 0.1920535527709524
 0.05426703900328352 0.2365421793966919 0.05363488507687114 0.1730199159173904 0.02758768834197686 0.2146929757265167 0.05800472581090619 0.1822505907263633
 0.05833358572856407 0.2334933519096223 0.05226095647696641 0.1705560771723658 0.02940152042886997 0.2112775236999122 0.05570615137656359 0.1889708332071357
 0.05590769773897973 0.2249386202801804 0.05795368839963413 0.1786430668998829 0.02699102973506427 0.1974260635139689 0.06040887719241941 0.1977309562398703
 0.05530879456181684 0.2509829670541887 0.05157776833648758 0.1611756981190375 0.02763894789695261 0.2184233903673091 0.05785794291452628 0.1770344907496814
 0.05216119491849004 0.2557322305706021 0.05478866950123285 0.1504196840558888 0.02929051714653672 0.234453569417749 0.05783032726943264 0.1653238071200678
 0.05993888435477442 0.1418186649458121 0.05627574164404882 0.253041547250745 0.03001689221250024 0.123502951392184 0.05991041433370661 0.2754949038662289
 0.0561754989571757 0.1615083654299937 0.05415835705695191 0.2260036232435642 0.0313912950812185 0.1473350891348364 0.06410705314598018 0.2593207179502793
 0.05527046001604707 0.1606629446376036 0.05515345012035303 0.2325989569403584 0.02822445841133993 0.1352383658732281 0.06570941428189356 0.2671419497191763
 0.05253892656832108 0.1638873347070784 0.05813398108598643 0.2253374090803641 0.03060221891674286 0.1506502545067482 0.06645150725310116 0.2523983678816578
 0.06177865411092791 0.1386088966701229 0.05548095391885231 0.25381176590573 0.03119953765871734 0.1215855586340535 0.06155768217436386 0.2759769509272322
 0.05189835767743595 0.1491917007644879 0.0556042348288142 0.2425138869908438 0.02983994790871163 0.1353006905311221 0.0644710081432832 0.2711801731553012
 0.05671589310829817 0.1543512658227848 0.0587289029535865 0.239732770745429 0.03016877637130802 0.1223540787623066 0.06570850914205345 0.2722398030942335
 0.05298681317086269 0.1528714193440696 0.06147079955584263 0.2375588762528213 0.03000965243959968 0.1347132209392622 0.06632604924921438 0.2640631690483275
 0.07061068702290077 0.1919302071973828 0.06782149148561362 0.2011261639124235 0.03231691972149987 0.1525773844476135 0.06896443251405084 0.2146527136985152
 0.0576583121443274 0.222464382290027 0.07004883561367398 0.1781087298704444 0.02966460830609033 0.1816604108649151 0.06979053154134883 0.190604189369173
 0.06054025188020115 0.2156290329758355 0.06939611054247698 0.176084731431623 0.02957589782386187 0.181941168617329 0.07152329669351609 0.1953095100351564
 0.05615329959543523 0.2394979916766962 0.06963154155126662 0.1497252149703464 0.03174890883517249 0.2156518712933022 0.07506198976262633 0.1625291823151545
 0.06398920368406755 0.1900221710059327 0.06451499829116752 0.201414387493099 0.0313899380438688 0.1594559778465205 0.06829195621883571 0.2209213674165082
 0.04839831993360216 0.2212506602057327 0.06936561564708546 0.1763399032536615 0.02785020246309135 0.1918914160679404 0.07337295964990233 0.1915309227789841
 0.05881443627072099 0.2358578923917689 0.06613441481090813 0.1506551608121993 0.03214425358951743 0.2148072708755785 0.07413637892937357 0.1674501923199331
 0.05165067541977023 0.2112264865547279 0.06818110087110213 0.1840282161343265 0.0274902158818331 0.18711336952405 0.07323096831208181 0.1970789673021083
 0.06074771022483245 0.1155325163055963 0.06875817776845554 0.2767007261358983 0.02713770612970565 0.1008799528561012 0.06397387109339886 0.2862693394860116
 0.06352592284279805 0.1279970170737841 0.06573710361332952 0.271897193101116 0.0280516462457619 0.1009252274047675 0.06075110775820955 0.2811147819602334
 0.06826305876926625 0.1289253180612676 0.06580312872352692 0.265047853326671 0.02925010570011915 0.09921397547757235 0.06437137256409271 0.2791251873774839
 0.06163487779617324 0.1466067932173663 0.06412204507140211 0.2573802342019519 0.0287422795757452 0.1158838515561805 0.05994904708986309 0.2656808714913176
 0.06098657151417754 0.1243065580766123 0.06841355015026467 0.2665631610964327 0.02591271030243601 0.10751868093954 0.06557168668682302 0.2807270812337138
 0.06236643065544219 0.1341082678262809 0.06589730724201372 0.2628273029677947 0.02680678671647061 0.1076824441099404 0.06466150043671369 0.2756499600453439
 0.07087785743270661 0.1473639305372026 0.06519680779115379 0.2481869543955301 0.03112091479466023 0.1089596187661925 0.06754830452923244 0.2607456117533217
 0.06220603605957669 0.1340557224980402 0.06487620851842174 0.2616769009668147 0.02824503527567285 0.1096403841128822 0.06325124118108179 0.2760484713875098
 0.07769218751877711 0.1481138764375759 0.07081826156970665 0.2300481895857618 0.04161609363921503 0.1194765241008016 0.07555309867448595 0.236681768473676
 0.07312056204681219 0.1353176541308186 0.07196528534395311 0.2389168576473682 0.03881917571476876 0.1116673554495247 0.07466093098395762 0.2555321786827967
 0.0811820025815969 0.1546653144016227 0.07550018439977872 0.2119214456942652 0.03931172782592661 0.1243891757329891 0.08174672690392772 0.2312834224598931
 0.0772965446484189 0.1426752409219157 0.07693928401304459 0.2252757319262761 0.04138727052874574 0.1160089406764135 0.08076838518192811 0.2396486021032575
 0.07787353453343537 0.1494803624707461 0.07505628944420413 0.2264998502645326 0.04067258953626371 0.121585199480917 0.07389168025377389 0.2349404940161271
 0.07343961448328218 0.1341717001683335 0.07751042457449032 0.2361840006161226 0.03913478782277673 0.1116942271512031 0.07990890187147243 0.2479563433123191
 0.07775926066207106 0.1592934878670808 0.07206524758225387 0.2108804888518546 0.03614625154660001 0.1290558796050804 0.07875665984900133 0.2360427240360579
 0.07388847948906903 0.1554507492016703 0.07426185212478506 0.2144534512404815 0.0406484893146647 0.1305133873741096 0.07845738147875216 0.2323262097764677
 0.07575989671094382 0.2070595443902226 0.06144823511390245 0.1842134056940281 0.03754075759896711 0.171170974024553 0.06436965227476639 0.1984375341926166
 0.06927209540974276 0.2220018454162103 0.05558669575640506 0.1715892138009538 0.03643403499392048 0.201288341971146 0.06165759768201926 0.1821701749696024
 0.07644193848268058 0.2142193120730771 0.05824340164100077 0.1767107230912251 0.0363768643142961 0.1854108564730609 0.06550866981932824 0.1870882341053312
 0.07118635337345364 0.2235433496733429 0.06178583999381884 0.1660757363735481 0.03764497823716766 0.1978571980460668 0.06612123657529424 0.1757853077273079
 0.08010142713175775 0.1907610285751438 0.06066122687818992 0.1949113054408721 0.04013740342208207 0.1606146310804807 0.06417216605441955 0.2086408114170541
 0.07029415967501582 0.1967869026476412 0.05660685487986609 0.1919897115561271 0.03573397023700165 0.1796803233510932 0.06600730806132239 0.2029007695919326
 0.07653349001175089 0.2299882491186839 0.05580493537015276 0.1640070505287897 0.03719153936545241 0.2001527614571093 0.06714453584018801 0.1691774383078731
 0.07122724552715794 0.2064401987737084 0.06005706505242527 0.1798589851440069 0.03625105154066969 0.1895808580571865 0.06680427033918149 0.1897803255656638
 0.07395902749414218 0.2061415765601152 0.07284120466905995 0.1718330144672069 0.03248135170575464 0.1868913777166319 0.06744555987875922 0.1884068875083299
 0.07050861854071072 0.2215708179073611 0.066861780211055 0.1629813595782593 0.02805757388309806 0.199274325334909 0.0686159556101299 0.1821295689344769
 0.07216282894736842 0.2219122023809524 0.06626918859649122 0.1568667763157895 0.02864583333333333 0.2033893327067669 0.07080200501253132 0.1799518327067669
 0.07106086845993739 0.2259965998824258 0.06690605189151401 0.1592573761896439 0.02837668218433722 0.2055243966380146 0.06885238087672191 0.1740256438774051
 0.07720178087098921 0.2076864029476485 0.07427460211862238 0.1666444910700578 0.03364208587073333 0.1840949797860908 0.07111202087917712 0.1853436364566808
 0.07013508172799222 0.2235992744297281 0.06808808179892786 0.1589566380559581 0.02732035548889857 0.202440186054053 0.07014521539100739 0.1793151670534348
 0.07234874975927671 0.226330566282523 0.06466587608072086 0.1597186324890281 0.02782254386231642 0.200900051692158 0.068902605892906 0.1793109739410709
 0.07097345440025001 0.2287366100105905 0.06846473029045644 0.1523724370214761 0.02866369207798746 0.2088751540825362 0.07155506171982152 0.1703588603968819
 0.1058084874509995 0.143577481741733 0.08290635826867711 0.2268579514956326 0.04032271182029636 0.08684266172188877 0.0746921713105288 0.2389921761902438
 0.09262087854208365 0.1493205519856736 0.08470715263878648 0.2175155377646687 0.03518381965658907 0.09603128621089224 0.07789950489834616 0.2467212683029601
 0.09355203767056466 0.1537130741314047 0.07990686421166279 0.2071620900919651 0.03832095425159671 0.1068329929627847 0.0779817110449159 0.2425302756351054
 0.09194031809928023 0.1695946093767092 0.08091404318624341 0.204467391542147 0.03607604629285261 0.1071342623990899 0.07429609048546239 0.2355772386182152
 0.1075030900462362 0.1386324447225062 0.08833717363770925 0.2258556757664078 0.04245189446538385 0.08804724337356752 0.07410007171959165 0.2350724062685975
 0.09727421707034715 0.141716656894141 0.08466014162644897 0.2216859861981868 0.03887961751837987 0.08735134484987897 0.07941304707350443 0.2490189887691128
 0.09869572829131652 0.1584675536881419 0.08056139122315593 0.2080269607843137 0.03842787114845939 0.1036852240896359 0.07692868814192344 0.2352065826330532
 0.09802517387451903 0.1570757522424654 0.08503768798475488 0.2118295362132375 0.03868328741184895 0.09898406301965115 0.07541238302159321 0.2349521162319298
 0.07043991595237301 0.1481506186839209 0.07020645032184905 0.2515203059511501 0.03248507487576293 0.1210130184882545 0.05785500672603364 0.2483296090006559
 0.06740944927424485 0.1397343716868747 0.07357788615378684 0.2597779362723365 0.02898201515122309 0.1114463056846001 0.05879291400813463 0.2602791217687992
 0.06985534101198122 0.1353730180455244 0.07326651365521888 0.2607125560632541 0.02886862773999284 0.1059042765997768 0.05914804910404076 0.266871617780211
 0.06360667760975099 0.1544983061502462 0.07305381902001187 0.2465075262808647 0.02697935948031991 0.1253972688855516 0.06088254810882548 0.2490744944644291
 0.07234281509594717 0.14258466781558 0.06512983366574367 0.2600352419495382 0.03425440040276514 0.1119706446178572 0.05234978603102066 0.2613326104215479
 0.06641309808183225 0.1331542633354179 0.06964250930377995 0.2668518879240525 0.02785495330168852 0.1051967890425565 0.0566736039204027 0.2742128950902697
 0.06936251189343483 0.1460936674067026 0.06898192197906755 0.2597843323818586 0.02705359974627339 0.107717517708003 0.05601014906438313 0.264996299820277
 0.059138179827835 0.1503872883183228 0.06566485876830705 0.257691861140137 0.02391733426216185 0.1258313844520741 0.0539218125425022 0.26344728068866
 0.0639908949434418 0.166527303556082 0.08381529742410518 0.2114719067196247 0.03219287854504913 0.1479803962557778 0.07316563305692983 0.2208556894989896
 0.05619051119032744 0.1603855058616001 0.08322920877586271 0.2233747381573628 0.0273051339531807 0.1436367645437507 0.07473080739406858 0.231147330123847
 0.06022367328529107 0.1735876907937224 0.08231422918823614 0.2093323629206688 0.02912263077506586 0.1505745594702367 0.07548717107623548 0.2193576824905436
 0.05742157284056725 0.1672883541039966 0.0879759346798453 0.2087494628276751 0.030709067468844 0.1530296519123335 0.07987107864202836 0.2149548775247099
 0.06504236114956531 0.1666537460545988 0.09081344481975746 0.205227310482308 0.03302508444542887 0.1471620798493826 0.07922919320006645 0.2128467799988925
 0.05421770601336303 0.157303929366847 0.08759545020680878 0.221663219853643 0.02781975819280942 0.1417137289214127 0.07676781737193764 0.2329183900731785
 0.05961084718504333 0.1664215504745379 0.08624210426078951 0.2135367621385418 0.02873678753187392 0.1458952736660565 0.07742850189920963 0.2221281728439474
 0.05576808860007686 0.1722915138175593 0.08956084267896447 0.2012717045732453 0.03060475841106802 0.1593648464521539 0.08022394577787094 0.2109142996890613
 0.09187390879971405 0.2910050727925104 0.07521205372485944 0.08447780481434129 0.04034863419529564 0.2491717188380693 0.07254505712046851 0.09536574971474135
 0.08116049497149742 0.3267646104648468 0.05658803355424758 0.06652454001946517 0.03965333456921722 0.2913843444408398 0.06286323399916578 0.07506140798072021
 0.08442314203487387 0.3136850347045878 0.05632089046893516 0.0840528186896902 0.03721220585745726 0.2675427458947012 0.06496529541222279 0.09179786693753174
 0.0779122415687319 0.3310167460132503 0.0542580816992376 0.06954755801178547 0.03902686686420082 0.2908662649399075 0.06051702899756967 0.07685521190531677
 0.07686091497722153 0.3231714092346233 0.06038566825257331 0.06878996333222219 0.03569805145610473 0.2880087275371981 0.06293119993535158 0.0841540652747053
 0.07540668775417984 0.3382004066877542 0.05139139930712457 0.06089960837475523 0.03884244615152885 0.3070680825425516 0.05910152131345082 0.06908984786865492
 0.07644165863066538 0.336923818707811 0.04995178399228544 0.06903567984570877 0.03359691417550627 0.2938765670202507 0.05920925747348119 0.08096432015429122
 0.07039186122660331 0.3414660148337674 0.04995354929105558 0.06312727494250774 0.03553859977764579 0.3068031251427788 0.05765218318332039 0.07506739160232101
 0.088844242084252 0.1599979126169261 0.07831600370510496 0.2116084591199071 0.05106260844607376 0.1291307354111492 0.07136240884006732 0.2096776297765195
 0.09407410791794216 0.1564056289121396 0.07501028007493032 0.2175149632201764 0.05554667154018367 0.126079407867684 0.06897930278247362 0.2063896376844702
 0.09212037391486892 0.1533322631234487 0.07246144157271459 0.2238920240550253 0.05265432632345859 0.1291784492658772 0.06608957656734296 0.2102715451772638
 0.08924068222288555 0.1597480263090177 0.07966815229586323 0.2167406050250636 0.05215484853787325 0.1260588967916585 0.0731938282914578 0.2031949605261804
 0.09338541202814285 0.1458415501469484 0.08190943905138742 0.2177763075866105 0.05287599078868688 0.114225371824069 0.07337243476380106 0.2206134938103538
 0.08631339607149624 0.1534390197688372 0.07430051158971768 0.2263752921114129 0.05195477799532622 0.125307901218973 0.06739089243984084 0.2149182088043959
 0.0899809071435224 0.1562587314892428 0.06683663965725994 0.2296498090714352 0.05493853031573065 0.12547732141194 0.0610622147713514 0.2157958461395175
 0.08295528843735855 0.1634059246592567 0.07545139063521601 0.2216768093346075 0.04977116129356737 0.1318412714379118 0.06763566866167077 0.2072624855404114
 0.06393520531462026 0.1832108152926782 0.07433996986764008 0.2037068869632041 0.03120418212888156 0.1630989817689111 0.0674742408768719 0.2130297177871927
 0.06127764576859807 0.1861359897642113 0.07866934746847011 0.1942423688539572 0.03111862547980259 0.1619904953390605 0.07528788155730214 0.2112776457685981
 0.06450261195072213 0.2011434850220223 0.07486660893370953 0.1899600525183675 0.03133409689825032 0.1640547159445391 0.07293907310668492 0.2011993556257042
 0.0590641299861158 0.1855529288153402 0.07437427295583324 0.21440954632444 0.02947953018875005 0.1487860707718864 0.06745468873128448 0.22087883222635
 0.06637721755368814 0.1756209150326797 0.07559290382819794 0.2089169000933707 0.03278244631185807 0.1527544351073763 0.06823529411764706 0.2197198879551821
 0.05623226620045284 0.1757377738289721 0.07524385467121417 0.2209452294287925 0.02902372149455925 0.1428448597059414 0.06925377126861751 0.2307185234014502
 0.06055219812774025 0.1986199604400813 0.07285770279015924 0.1941444028184163 0.03120129071071126 0.1667988369019297 0.0694030462960431 0.2064225619149188
 0.05637576918223588 0.1892429539566957 0.06996682031754514 0.2090097312223039 0.02947573132622234 0.1594183534860935 0.06716102166700069 0.2193496188419029
 0.08679606174671096 0.1482485072156353 0.08380436248605304 0.2156475680182445 0.03979940901678539 0.1258352848857882 0.07388516288821589 0.2259836437425667
 0.07710562471376826 0.1664099254756651 0.08272617511137016 0.2025896165535618 0.03754319497064824 0.144135892418502 0.0780111578333819 0.2114784129231025
 0.07748625775392257 0.1832221005920642 0.08119401579622633 0.1875066209965041 0.03127464482032087 0.1595395317631272 0.07856915851548431 0.2012076697623504
 0.07648430137393979 0.1727890481622935 0.08319031794057835 0.1990079857149943 0.03252814840533703 0.1521849114627251 0.07691086751649223 0.2069044194236397
 0.08316680179511482 0.1645636112411643 0.08188783958159665 0.1990841717006772 0.03452056045951285 0.1440088613810508 0.07472793504699045 0.218040218793893
 0.07697131605021885 0.1731446990505575 0.08636540366983983 0.1928108264037827 0.03317404773551066 0.1491766063388143 0.08063363058283478 0.2077234701684414
 0.07961787365177196 0.1809553158705701 0.08156548536209553 0.1884129429892142 0.03572265023112481 0.1564745762711864 0.07842218798151002 0.198828967642527
 0.07477953022979733 0.1756550496056983 0.08489146103620791 0.1930488425337064 0.0313533452047825 0.1552827948783176 0.0795069108793352 0.2054820656321547
 0.08344666267747375 0.1565984877332318 0.08258989283577219 0.2047135940814883 0.0404313768155361 0.1430125659576783 0.07855083501060763 0.2106565848882119
 0.08231325947105075 0.1519277162258756 0.07651670836311651 0.2092677805575411 0.03636526090064331 0.1366266082916369 0.07547802001429593 0.2315046461758399
 0.09343417531058175 0.1465759443948816 0.07414015792066683 0.2046976737992836 0.03974647474734025 0.134392351633134 0.07621736062103035 0.2307958615730816
 0.08820311278833486 0.1632762432172923 0.07869057454837773 0.1924167652904004 0.03719045173391688 0.1481030748275015 0.08016434807851193 0.2119554295156644
 0.08509226244697186 0.1489082060224345 0.08051167269604144 0.213622049293392 0.04076985139109388 0.1347109804023632 0.0763214741170653 0.2200635036306379
 0.08325739588012578 0.1558621574793044 0.0750176474363088 0.2057883591092858 0.03574408008727459 0.1418853879227363 0.07777706475004813 0.2246679073349163
 0.09785283758492123 0.1584213861502866 0.07393489249451052 0.196987783132175 0.03892008193701461 0.1387771342676511 0.07704437272499522 0.2180615117084457
 0.083812351543943 0.1592992874109264 0.07896674584323041 0.1942280285035629 0.03725653206650831 0.1503206650831354 0.08359857482185273 0.2125178147268409
 0.08007401586778536 0.1802235684773517 0.07751387797520976 0.1933284327393475 0.03945400623558338 0.1570809358444653 0.07249499378976451 0.1998301690704925
 0.07282703044461353 0.1585563187843587 0.07809938167750785 0.2149233258677411 0.03573839707663127 0.1336198120385353 0.07573111008712238 0.2305046240234898
 0.07997251886314875 0.1630306390569631 0.07730877708941011 0.2110262035050503 0.03520719330810211 0.1273172142805487 0.07729672395921221 0.2288407299375648
 0.07803026568738601 0.1508256518953024 0.08496081234287968 0.2195396066446493 0.03890175974762163 0.1201656233055651 0.0789668260462365 0.2286094543303593
 0.08519173321953301 0.1467658355178931 0.0828506980430409 0.2215082606840212 0.03781015667865634 0.1220020727915625 0.07373041516795709 0.2301408278973359
 0.08223834142911093 0.1327403664587376 0.08053236791727982 0.2338225527093724 0.03727096328901275 0.1033741811978278 0.07925614345804738 0.2507650835406113
 0.08798209570273183 0.1587348577247806 0.07138035974375066 0.2152186526779476 0.0385558147520989 0.118805432864806 0.07329867730819785 0.2360241092256865
 0.0772953121624541 0.1556167638798877 0.0785698855044286 0.2210844674875783 0.03616331821127673 0.1217325556275654 0.07569669475048607 0.2338410023763232
 0.09400260019218812 0.131832570233452 0.08179300209145893 0.2490249279294557 0.03935616980385507 0.08772822339042451 0.0648917528686903 0.2513707534904754
 0.0917844908128309 0.1497975708502024 0.08171909062597321 0.2406353161009031 0.03764559327312364 0.08662721893491124 0.06625973217066335 0.2455309872313921
 0.08637439589703126 0.2142716244205543 0.07584574415622843 0.164636551928198 0.04105434460992208 0.1622571259493047 0.07754709537429727 0.178013117664464
 0.08552237263614756 0.1377389686886432 0.07731735041851813 0.2538803348145086 0.03778030381316524 0.08860183941304123 0.06277772036788261 0.2563811098480934
 0.09046180174880337 0.1405861432735246 0.08409765489210365 0.2437762387357275 0.03694146589298607 0.08711928764339386 0.06465759285504184 0.2523598149584191
 0.09331222346305537 0.1373743656436861 0.08246985482252159 0.2424902107688611 0.03689515274027792 0.08649863586887378 0.06829137275413127 0.2526681839385929
 0.09839024899670291 0.2024496859568247 0.0788613883542944 0.1766101239761894 0.0424443151471751 0.1433707798117233 0.07383371376568351 0.1840397439914067
 0.08616409182364776 0.1563967101624916 0.08091635388109049 0.2266881596441893 0.03780489239783972 0.1066020308510513 0.0685265151960842 0.2369012460436057
 0.09888894351310162 0.342522491519591 0.06601199547711518 0.03083673369057569 0.0516321714763286 0.297723809055602 0.07198515313898038 0.04039870212870557
 0.09590550275904353 0.3561465358675659 0.05449110974862048 0.02988005824647456 0.04799586143470264 0.3105360974862048 0.06588174432863274 0.03916309012875537
 0.09365313956113883 0.3533058275345362 0.05258944516287949 0.03621938953548043 0.04451218260566127 0.3029435310056038 0.06766631771250282 0.04911016688219718
 0.09560089933398379 0.351427480592203 0.05535994570058966 0.03542188096551139 0.04858948797352904 0.3034403767021592 0.06623679633478981 0.04392313239723412
 0.09416348459284256 0.354875233105408 0.05653361157978865 0.03014829944054702 0.04695408933487257 0.3091754728709706 0.06824438326969186 0.0399054258058787
 0.09711618639203838 0.3538438214049793 0.05455746510293146 0.03355966342873851 0.04772424547610539 0.3034664240927845 0.06718430200448329 0.0425478920979392
 0.1009994266506279 0.3452687434655035 0.0539398095580713 0.04114624905847039 0.04745309215185889 0.292824139132781 0.06891434610066216 0.04945419388202493
 0.09836385972749609 0.3453112203112203 0.05808391035663763 0.03766473084654903 0.0507408234680962 0.2950822723549996 0.06832142059414786 0.04643176234085325
 0.06142569989529276 0.1775895934760511 0.04640747166408083 0.2360269334535811 0.02957788460803571 0.141874488883454 0.04770675858484726 0.2593911694346573
 0.05497241802022679 0.1826795382572275 0.04915594034119931 0.2345170599652671 0.02596664623557054 0.1431964449892737 0.04810884666462355 0.2614031055266115
 0.05544009069240161 0.1888989012266729 0.04959014010813325 0.225582814952619 0.02526015929306436 0.1507906517062962 0.04995349107610023 0.2544837509447125
 0.05667387600739461 0.1971956067324771 0.05520582869156507 0.2148544639512826 0.0267571257687614 0.1591955342363133 0.05075335596824668 0.2393642086439593
 0.05620681570563654 0.1759091974789337 0.04718724572122081 0.2379842502310058 0.02654153277524169 0.1454233267594368 0.04835951399136659 0.2623881173371582
 0.05597471216630904 0.1728924882520785 0.05242149465863732 0.237781007975512 0.02643378479192143 0.1386523922690601 0.05152165386123993 0.2643224660252417
 0.05587244912769601 0.1943597782228802 0.04944991146332259 0.2228076286684664 0.02584980696101483 0.1512670904815815 0.04900722807628669 0.2513861069987518
 0.0555416217300795 0.1887900980662637 0.05405557924305886 0.2206114719971909 0.02563266534574001 0.1530122143914123 0.05109603471194603 0.2512603145143086
 0.07768903423264784 0.1773997442508857 0.06554095130285308 0.2057417772467141 0.03898077689034233 0.1519715741148356 0.06562480347147978 0.2170513384902417
 0.06364767606107487 0.1683678617071366 0.06460617474944508 0.2228425371628439 0.03107553642295016 0.1451621039886998 0.06431189883634895 0.2399862110715006
 0.06754544348916186 0.1794631914754282 0.06218484250311065 0.2049003190165683 0.03196714410006455 0.1578523916887296 0.06593632766088819 0.2301503400660486
 0.06176062364709859 0.1689931177320878 0.06223526281345962 0.2269062875306538 0.03030499162189956 0.1471740990845217 0.0613003674857788 0.2413252500845001
 0.06976235004333349 0.173680609405647 0.06375039912420745 0.2164849701227022 0.03494047347534553 0.1505450896318934 0.06437987501710532 0.2264562331797655
 0.06467680393962746 0.1778283179519952 0.06530646768039396 0.2116422006277842 0.03116365618480161 0.1557900870251678 0.06557900870251678 0.2280134578877131
 0.0632050117344235 0.1891891891891892 0.06263721704898176 0.2019740328563858 0.02860738890150655 0.1661651146945265 0.06578847755318344 0.2224335680218033
 0.06226643218289734 0.1774251797883365 0.0643862073297114 0.2101168231636466 0.03054046415224696 0.1591794114876111 0.06418993185315454 0.2318955500423955
 0.06388244646413323 0.2320830021061948 0.04781144229272011 0.1780349284139615 0.02701174388015178 0.210447382008015 0.05254833184451857 0.1881807229903049
 0.05847833364075448 0.2181802034444832 0.05162625786485767 0.1874312572158575 0.02792067168104714 0.1994001871853203 0.05732379644621155 0.1996392925214683
 0.06233484403371765 0.2127061220271926 0.05057647736163805 0.1927914495342417 0.02783477760226753 0.1928062120787139 0.05420068202955462 0.206749435332674
 0.05805968208360941 0.2145656979732366 0.05014583036615497 0.1923350816464279 0.02615658032435646 0.1992333843171981 0.05429471976419446 0.2052090235248221
 0.06337555941048703 0.2259799705535066 0.04724558667035963 0.1816061458621846 0.02860828875056488 0.2056298196766717 0.05460721001763874 0.1929474190585869
 0.05953451055262943 0.2178128087600568 0.05387375474515456 0.1885729992348322 0.02724145872179837 0.1962692499127114 0.05763273432334654 0.1990624837494707
 0.06299601987668796 0.2150941590294561 0.05094398315426767 0.1893948457801919 0.02909717403268646 0.1962623531382355 0.05416636755920334 0.202045097429271
 0.06779869318530959 0.2058403828953388 0.0532557710821163 0.1919119504584776 0.03061524070925763 0.1871257587240464 0.05695636440602746 0.2064958385394264
 0.06173874743778693 0.147202317426437 0.05161694702783284 0.25421388761837 0.03512561196659383 0.1364621978282597 0.05066829293083295 0.2629719977638867
 0.05473656216190079 0.1466391049701717 0.04955665560572268 0.2567106082310347 0.03538897653024835 0.1393920711768724 0.05065670577284569 0.2669193155512037
 0.06105489996383791 0.1613272226773234 0.05188153592962413 0.2315112065593612 0.0380513796946148 0.1540283835543649 0.05549774540409296 0.2466476262167807
 0.05592773844781257 0.1558311292715246 0.05036347222882121 0.2394746150150721 0.03793097987044868 0.1533921435094999 0.05331453941707184 0.2537653822397491
 0.06704548274236372 0.1432884212964112 0.05104918819218712 0.2525495645269348 0.03884932549233684 0.1326352530541012 0.05106573037889878 0.2635170343167663
 0.05960279401782391 0.1405548621603276 0.05439138146226105 0.2495784886903589 0.03907099637244812 0.1367594356492734 0.05686570759158291 0.2631763340559242
 0.06756619746869666 0.1600314300680985 0.05142871626759492 0.2325740549857213 0.0399043579648186 0.147864952094493 0.05649808208993055 0.2441322090606465
 0.06091097626545817 0.1604321888521904 0.0517832910873851 0.2292482781575646 0.03814937143149755 0.1569500985738792 0.05538059758814041 0.2471451980438846
