# Created by Octave 3.2.4, Wed Nov 21 02:03:23 2012 CST <zac1164@zac1164-VirtualBox>
# name: data_curv
# type: matrix
# rows: 208
# columns: 1
 11.40487787360488
 11.54662493176571
 12.00635747312573
 12.04120330000858
 11.80415550997561
 11.53686867768476
 11.77481444227977
 11.92660125890829
 12.30084772698246
 11.80241704572168
 11.51876384258371
 11.37661001352737
 11.5689855061938
 11.13576244504032
 11.40077102535774
 11.55392781336034
 15.22525398402275
 14.31418446489687
 14.84678250455829
 14.51080826305122
 14.65038120475505
 14.50920548141085
 14.80914419937266
 14.72486779636492
 14.94616703181779
 14.57002280467633
 14.11000900627203
 14.85142456761043
 15.17979201485027
 14.54364717861511
 14.41617406778001
 15.02863505499017
 14.89948831316346
 14.74693870192689
 15.08718004687291
 15.34384020711745
 15.42888018551122
 14.48516899873228
 14.96392409450346
 15.43637516143086
 14.84841236205786
 13.91742229216981
 13.86412232058589
 13.77054511685839
 14.87259473762919
 14.13927763594989
 13.99776676175323
 13.81763590886053
 13.39680034519249
 13.58570190207108
 13.47135938083109
 13.86134998111555
 13.69860261324572
 13.70108752041254
 13.75329200394699
 13.76144390096008
 14.27208616788933
 12.98656431172299
 13.38685887543624
 13.28319755548187
 13.62987549271832
 12.9982603939393
 12.93036234346163
 13.44548917218641
 13.97022287620677
 13.69836422168951
 12.51172831551814
 13.12910050985312
 13.77912470834169
 13.22070850968722
 12.82978276385207
 13.22041738806637
 14.49097865281372
 14.54504798688416
 14.28442749692087
 14.01668198688428
 14.46298719145603
 14.11939425281922
 14.54663285521234
 14.37587910432971
 14.43411115704891
 14.40850545603561
 14.52985938791706
 14.76089203263877
 13.88451679129217
 14.40055286118704
 14.54610218714795
 14.47252536550279
 11.64992514113088
 11.76303577782949
 11.8341386080936
 11.94650376301422
 11.59897487486046
 11.76092946891528
 11.65495867413978
 11.90912386402959
 15.5492494102965
 15.07223230722228
 14.84946063982433
 15.0820087404114
 15.54316720374851
 15.1894301532422
 15.05818212185607
 15.64779616996569
 13.62553483374374
 13.52333951417116
 13.26340258604595
 13.21539345243703
 13.20577757756616
 13.17041993762828
 13.18598339093497
 12.89358704165013
 14.41635942967093
 16.59149573506497
 15.70842012689124
 16.68936547774118
 16.56148500736096
 17.60440035790183
 16.96390075547686
 17.10458808224525
 13.6296869844383
 12.98269940876592
 13.34487255171814
 12.90405035038561
 12.99529374247632
 13.31768081708673
 13.86274868292506
 13.33153161441738
 14.23859785039656
 12.85479619291598
 13.22935987551372
 13.31431797185404
 14.02750490218356
 13.24614465051876
 13.74001091655786
 13.94249585390346
 13.24259500216849
 12.98960200902211
 13.04122557323683
 13.08751308808902
 13.11565629518858
 12.72377416741753
 13.22659880806108
 13.00335524725018
 13.7143792920093
 13.79518183568759
 13.30617548225479
 13.05721231191935
 13.48525836510571
 13.77229814696441
 13.21460248477396
 13.37585920892397
 13.3664772738745
 13.30753809418699
 13.00182792939418
 13.22766830627539
 12.82942807349919
 13.26395569771351
 13.11745881543184
 13.40355694229694
 13.19501718924094
 12.56101966430925
 12.18671393603256
 12.93781256543338
 13.08811114259592
 12.81701503643411
 11.9589591050594
 12.53105806185503
 18.00235907554227
 19.22959308179552
 18.92311032158035
 18.65321642248692
 19.31527235296795
 18.57950084441406
 18.01355457761505
 18.13131401091919
 16.13508551821922
 15.92369225110706
 15.60093677396648
 15.13839499725304
 15.92515368142484
 15.15474813957991
 15.49042083585378
 14.96959873742185
 14.45891511835397
 14.82538882999216
 14.65734648272128
 15.23164597690206
 14.68441889102824
 14.36866000417974
 15.02449054998857
 15.04834905785586
 16.26044230898642
 15.70670902221777
 15.91095414419261
 15.84362897580545
 16.18018613898573
 15.62974244008184
 15.58054900369012
 15.31046174651052
 16.58276634066097
 16.40644330123222
 15.89985701296756
 16.03040109139152
 16.84163307744853
 15.6806681254349
 15.69934018481206
 15.92382810629793
