# Created by Octave 3.2.4, Thu Nov 22 16:06:57 2012 CST <zac1164@zac1164-VirtualBox>
# name: data_curv_direct
# type: matrix
# rows: 208
# columns: 8
 0.1008667626259466 0.1537330245947806 0.08842856248826585 0.2173477689467426 0.04127292070842981 0.09368546216909694 0.07464484636084862 0.230020652105889
 0.09519701621292467 0.1601755765864055 0.08377946362875194 0.2270443762210438 0.04135691269378124 0.08932331971684469 0.0703955547661939 0.2327277801740542
 0.08182384567459676 0.1907492442947135 0.07006714816438608 0.2108821561252509 0.0337471444723908 0.1247086784964349 0.06549830398966242 0.2225234787825646
 0.08301648281106491 0.1737163850400466 0.07497753241751187 0.2273719347798177 0.03794305578873559 0.105217417067462 0.06469676170536358 0.2330604303899977
 0.08621946548379524 0.2537901721176776 0.08208023921021092 0.1196174613569249 0.04288732655406324 0.1984233872462407 0.0765324404136755 0.1404495076174119
 0.08777966732210235 0.1594568741032046 0.08060530371472605 0.2354918424828612 0.03874156347983207 0.08724823298081522 0.06852845830897593 0.2421480576074826
 0.08789318269354217 0.1764154576967518 0.0729875465399923 0.2213891385286943 0.03666709462061882 0.1049043522916934 0.06735139299011426 0.2323918346385929
 0.08354995234381769 0.1688978424746556 0.0769972272766658 0.2369487046183173 0.03718265314964041 0.09488995754267394 0.06345853912139329 0.238075123472836
 0.1009386015827399 0.2088848620411399 0.08324249331087108 0.1615159194190014 0.04299446465733256 0.1560938318445008 0.07833005365460027 0.1679997734898141
 0.08776839320240154 0.1807011295410604 0.08636918693395747 0.1727892540958584 0.04103490383636919 0.156647501780808 0.08790831382924595 0.1867813167802992
 0.1000626154950442 0.1714442798454466 0.08851692909176988 0.1765756960246797 0.0430672429328487 0.1417248278073886 0.08892927503474396 0.1896791337680783
 0.09505487574113788 0.1631512552037341 0.09063958622429671 0.1806105714646146 0.04467011479752744 0.1379336445061183 0.08970606786930743 0.1982338841932635
 0.1064429146016299 0.1897473750809695 0.09396984167633279 0.1685672536643418 0.04248075561514243 0.1386348914631758 0.08259644788575388 0.1775605200126538
 0.09265029180571591 0.1550128900627896 0.09291916428108245 0.1890489822386006 0.03995128663387477 0.1307511031679504 0.09314058867256077 0.2065256931374255
 0.1068955876790501 0.1652441330767839 0.08526978801782689 0.1884815892907067 0.04420543687404411 0.1239988817076981 0.08446395974147713 0.2014406236124131
 0.09631231836940511 0.159649146087395 0.0883238896482172 0.1907005135418464 0.04203877439987261 0.1287702862299128 0.08718268554519036 0.2070223861781605
 0.07088316376113127 0.2223279982546955 0.05877511354395986 0.176365006644057 0.03700838936157554 0.1973979096011582 0.06036175403105849 0.1768806648023641
 0.0622580825372503 0.1820256821573651 0.05983192472526157 0.2144196774167804 0.02872283541232712 0.160836705213845 0.06205856298034333 0.2298465295568272
 0.06486187374962755 0.2224492401992083 0.05598263312476057 0.1822330055761291 0.02977908313114545 0.1963308219469629 0.05961775848124973 0.1887455837909164
 0.05733782990041116 0.2110240689532282 0.06152861281785604 0.1926902186466741 0.02934208008025184 0.1867109283739102 0.06043966922513413 0.2009265920025343
 0.07799462810339369 0.2357302613437912 0.06358446439331271 0.1581135042944535 0.03747051073868685 0.2050920677716842 0.06246106396233544 0.1595534993923425
 0.06199695825287514 0.2151352552162545 0.05699003742374271 0.1879987696303765 0.02968266716792837 0.1905620396794204 0.05950204207180574 0.1981322305575967
 0.06317550723780389 0.2405333919230672 0.05456450645191276 0.1656455715456704 0.02985541293086693 0.2123596170259513 0.0587643763151001 0.1751016165696274
 0.05750421826293362 0.2087897160179598 0.05979923928275231 0.1957988961020391 0.02850544799382275 0.1863471272914462 0.0585623587954357 0.2046929962536105
 0.0821680499099854 0.2307544243028114 0.06393867684190264 0.1509527961140864 0.04181433213691278 0.2007269104043298 0.0698603924410376 0.159784417848934
 0.0751226529934708 0.2550260061234276 0.06598362167545833 0.1179774244715777 0.03980227968571323 0.2297207569441883 0.07729905197535873 0.1390682061308053
 0.08159455187703536 0.250161767669803 0.06698772687252708 0.1285336954100413 0.03799683890061631 0.2117830509912911 0.07573909261596885 0.1472032756627171
 0.06716698242634089 0.2659159208205396 0.06261840987783367 0.1120402430260665 0.03730319461684197 0.2407068661396747 0.0745655582413275 0.1396828248513752
 0.07225144247752875 0.2402559171016996 0.06379283275110885 0.1440416846567492 0.03789692663971425 0.2161066844604938 0.06689366879930918 0.1587608431133964
 0.06696029178996628 0.2498500742255474 0.0634505539880256 0.1266651592162569 0.03823353028500644 0.2281034635311698 0.07648672296666241 0.1502502039973652
 0.07595685708650382 0.25075001816653 0.06202572380645898 0.1324184322803666 0.03609429986193437 0.21216430847806 0.07271802431200755 0.1578723360081386
 0.06558936168406036 0.2625102961031903 0.06188701035129879 0.1167259665599552 0.03652250706928322 0.2381138388118509 0.07498110611991882 0.1436699133004424
 0.06352906758819926 0.2205278699615114 0.05758664509110191 0.1765996544252763 0.03240905808032327 0.1967947487269503 0.06267884406169148 0.1898741120649461
 0.05394666410464047 0.2195953828627898 0.05401528980633827 0.1904500473517342 0.02729930413538478 0.1917745233945017 0.05552505524368986 0.207393733100921
 0.05374011918229703 0.2385807651013482 0.05100195274501185 0.1726485995719814 0.02661786005087225 0.2105361762226274 0.0548209743549096 0.1920535527709524
 0.05426703900328352 0.2365421793966919 0.05363488507687114 0.1730199159173904 0.02758768834197686 0.2146929757265167 0.05800472581090619 0.1822505907263633
 0.05833358572856407 0.2334933519096223 0.05226095647696641 0.1705560771723658 0.02940152042886997 0.2112775236999122 0.05570615137656359 0.1889708332071357
 0.05590769773897973 0.2249386202801804 0.05795368839963413 0.1786430668998829 0.02699102973506427 0.1974260635139689 0.06040887719241941 0.1977309562398703
 0.05530879456181684 0.2509829670541887 0.05157776833648758 0.1611756981190375 0.02763894789695261 0.2184233903673091 0.05785794291452628 0.1770344907496814
 0.05216119491849004 0.2557322305706021 0.05478866950123285 0.1504196840558888 0.02929051714653672 0.234453569417749 0.05783032726943264 0.1653238071200678
 0.05993888435477442 0.1418186649458121 0.05627574164404882 0.253041547250745 0.03001689221250024 0.123502951392184 0.05991041433370661 0.2754949038662289
 0.0561754989571757 0.1615083654299937 0.05415835705695191 0.2260036232435642 0.0313912950812185 0.1473350891348364 0.06410705314598018 0.2593207179502793
 0.05527046001604707 0.1606629446376036 0.05515345012035303 0.2325989569403584 0.02822445841133993 0.1352383658732281 0.06570941428189356 0.2671419497191763
 0.05253892656832108 0.1638873347070784 0.05813398108598643 0.2253374090803641 0.03060221891674286 0.1506502545067482 0.06645150725310116 0.2523983678816578
 0.06177865411092791 0.1386088966701229 0.05548095391885231 0.25381176590573 0.03119953765871734 0.1215855586340535 0.06155768217436386 0.2759769509272322
 0.05189835767743595 0.1491917007644879 0.0556042348288142 0.2425138869908438 0.02983994790871163 0.1353006905311221 0.0644710081432832 0.2711801731553012
 0.05671589310829817 0.1543512658227848 0.0587289029535865 0.239732770745429 0.03016877637130802 0.1223540787623066 0.06570850914205345 0.2722398030942335
 0.05298681317086269 0.1528714193440696 0.06147079955584263 0.2375588762528213 0.03000965243959968 0.1347132209392622 0.06632604924921438 0.2640631690483275
 0.07061068702290077 0.1919302071973828 0.06782149148561362 0.2011261639124235 0.03231691972149987 0.1525773844476135 0.06896443251405084 0.2146527136985152
 0.0576583121443274 0.222464382290027 0.07004883561367398 0.1781087298704444 0.02966460830609033 0.1816604108649151 0.06979053154134883 0.190604189369173
