# Created by Octave 3.2.4, Thu Nov 22 16:17:35 2012 CST <zac1164@zac1164-VirtualBox>
# name: data_entropy
# type: matrix
# rows: 208
# columns: 1
 0.4576789336367429
 0.4403950647005877
 0.4445065427801032
 0.4790168644506945
 0.4491355225556237
 0.4583695792842585
 0.4430397332612718
 0.4996082168505128
 0.293767905666111
 0.3091540436850041
 0.2842543615833867
 0.2853255724780269
 0.27965445679049
 0.2819036425441201
 0.2604897856797287
 0.2655879558743728
 0.3233454555301
 0.3666627183257369
 0.3439379593532509
 0.3936485899852634
 0.3083962156677574
 0.35288434169135
 0.35903235877859
 0.3726392833504728
 0.3902931609444447
 0.3936831855398074
 0.4252729466766793
 0.4398572048366289
 0.4243591095807139
 0.4109047157914485
 0.4014908320514906
 0.4159225296316626
 0.4632227329802502
 0.5119574773646016
 0.5111020216632227
 0.5046124901615524
 0.4900912936683357
 0.4919991097455371
 0.4782177314906843
 0.4967051996390324
 0.4913110302242206
 0.4743048248736811
 0.4567845259261674
 0.4878793922699421
 0.4385141649726059
 0.4254214375469196
 0.4077751942086985
 0.4589523386892436
 0.3944616021206187
 0.3787973425283865
 0.3826113579368306
 0.4118332768973297
 0.3909603198139411
 0.4093980226292612
 0.3749828575955813
 0.3899652212093767
 0.4176532275853284
 0.383770237816445
 0.3839645363268976
 0.4243243184883396
 0.3995384636988261
 0.4125505304368708
 0.4083458584236592
 0.3983808568034815
 0.3637768111075803
 0.4235994058830561
 0.4312354877026666
 0.4703399577030546
 0.435205238668902
 0.4426529651579484
 0.449800607897654
 0.470578714264002
 0.3357031730991604
 0.3357709066064016
 0.3096055735933542
 0.343432587760571
 0.2923402661779803
 0.3069494113321472
 0.2887192850377803
 0.3293622935291607
 0.4131763200578336
 0.3935900311906155
 0.4298933852047093
 0.423431216195633
 0.4215546701751181
 0.4068062850677525
 0.3784608815906337
 0.3915924347930745
 0.2798596787359184
 0.3251554547647812
 0.3174583719491448
 0.3476801161605061
 0.2933189552870538
 0.3111392844733151
 0.3066079004498443
 0.3444881918897159
 0.3408505127080088
 0.3522807753977437
 0.3397270821626527
 0.3676009986383219
 0.3504649532935757
 0.3262727924552123
 0.3053415987161744
 0.3760380216286649
 0.420604925969604
 0.427897658845413
 0.4357943654259054
 0.4254156603201171
 0.3738626418925499
 0.4136086870189133
 0.4098491966156868
 0.4457615001743013
 0.3971786332246634
 0.4045941939577611
 0.3884277133111947
 0.4151657740217127
 0.3752721695134171
 0.4076244144745991
 0.3817418398396247
 0.3938359619308434
 0.3245218573616609
 0.3297880686934346
 0.3269628503369254
 0.3533815592979539
 0.3223031144845079
 0.3030925568400654
 0.3014845411248009
 0.3447534561374948
 0.4337594161824861
 0.4535283546605735
 0.4460884446604511
 0.4915694683589539
 0.4298872854353442
 0.4414749468633765
 0.4417858729545291
 0.4930960240210749
 0.4298451278386314
 0.4639127026279392
 0.4460009423739613
 0.4662322750993569
 0.4486574348262429
 0.431597740324603
 0.4240826107047929
 0.4717739950146563
 0.3885738442911409
 0.373008883879716
 0.3554151852873843
 0.3645173746863171
 0.3744478992345373
 0.3699273196267852
 0.3156422255694714
 0.3526728074420269
 0.4546064127660754
 0.4378901323669909
 0.4596603423069122
 0.4266897672838041
 0.3649950620898895
 0.3724385167254066
 0.3657628331467839
 0.3422400525705495
 0.4796344034015303
 0.4740085031200317
 0.4638395339949692
 0.4898950666460553
 0.4190498913399164
 0.4431745315546157
 0.455295033446796
 0.4436538983369894
 0.4086827293131247
 0.469536637641552
 0.4633683361442734
 0.4798213007223844
 0.4287117965681925
 0.4561958009367753
 0.4475270525612774
 0.4682447883484336
 0.3771685783555906
 0.4376593718470887
 0.4253711653022487
 0.4252319556271142
 0.3893165330493734
 0.3917721619831999
 0.3834128126651078
 0.3930324497745807
 0.4005813512699887
 0.4050428938443154
 0.4021659142613577
 0.4444330240167643
 0.3882146171147784
 0.4157804999911406
 0.4047878530441303
 0.4145920195177023
 0.3159959926356709
 0.3278545008114528
 0.301897202267692
 0.3331549570094289
 0.3004927378375172
 0.312032181761346
 0.3032419556633743
 0.3420917825730528
 0.3226776900965235
 0.3681985043473382
 0.3304890486218158
 0.3882948932612265
 0.3335456417156833
 0.3545422339778252
 0.3370036002718929
 0.3345257820641669
