# Created by Octave 3.2.4, Thu Nov 22 03:47:39 2012 CST <zac1164@zac1164-VirtualBox>
# name: data_skew
# type: matrix
# rows: 208
# columns: 1
 -1.05
 -1.65
 -1.35
 -1.65
 0
 0
 0
 0.5
 -1.5
 -1.6
 -2.35
 -2.05
 -1.55
 -1.75
 -2.45
 -2.45
 -1.55
 0
 0
 0
 -1.4
 -1
 0
 -1.05
 0
 -0.6
 0
 -0.6499999999999999
 -1.2
 0
 -1.35
 -1.3
 -2.05
 -1.65
 -1.6
 -1.2
 -2.2
 -1.15
 -1.3
 0
 0
 0
 1.05
 2
 0
 -0.5
 0
 0
 1.05
 0.7
 0.45
 0.7500000000000001
 0
 -0.7
 0
 0.7000000000000001
 -1.7
 -2.3
 -1.3
 -3.05
 -2.9
 -2.5
 -1.5
 -2.05
 0
 -1.6
 2.05
 0.8
 1.2
 1.25
 -0.4
 -0.5
 -0.8999999999999999
 -0.7999999999999999
 -1.05
 0
 0
 1.25
 0.5
 -0.2999999999999999
 -2.95
 -2.05
 -1.5
 -3.2
 -2.95
 -2.4
 -2.15
 -2.4
 -0.6
 0
 0
 0
 -1.1
 -1.2
 0
 -1.55
 0.4500000000000001
 0
 0
 -1.4
 1.4
 1.25
 1.6
 1.5
 0
 1.85
 0.9
 0.9
 2.3
 0
 1.8
 0
 0
 1.05
 0
 0
 0
 2.1
 0
 0
 1.15
 1.65
 3.35
 2.3
 3.1
 2.05
 2.85
 3.15
 0
 -0.9500000000000001
 0
 -0.8
 -1.7
 -2.15
 -1.65
 -1.8
 -0.7999999999999999
 -1.9
 -1.75
 -2.75
 -1.9
 -1.8
 -1.8
 -1.5
 1.85
 0
 2.85
 3.1
 1.05
 0
 2.6
 1.5
 -1.4
 -1.15
 -1.45
 -0.8499999999999999
 -2.2
 -2
 -1.85
 -2.35
 0
 -1.15
 1.1
 -1.95
 -0.2999999999999999
 0.4500000000000001
 -2.75
 0
 0
 -0.35
 0
 -0.2499999999999999
 -0.3499999999999999
 0
 0
 0
 -2.75
 -2.45
 -2.1
 -0.7
 -3.35
 -1.9
 -2.2
 -2.25
 -0.6499999999999999
 -1.75
 0
 0
 -1.45
 0.6500000000000001
 -0.9499999999999998
 -2.15
 -4.2
 -3.15
 -3.95
 -3.85
 -4.25
 -2.65
 -2.4
 -3.85
 1.45
 1.4
 -1.9
 0
 -2.2
 0
 -2.1
 -2.5
