# Created by Octave 3.2.4, Tue Nov 20 12:04:29 2012 CST <zac1164@zac1164-VirtualBox>
# name: data_slant
# type: matrix
# rows: 208
# columns: 4
 -0.0483888368859564 0.3500696595116147 -0.3984584963975712 0.5388647730489762
 -0.0580604232989316 0.3509137778050692 -0.4089742011040008 0.5289149327803537
 -0.006901134532536647 0.3815956297339564 -0.3884967642664931 0.5729717241011605
 -0.04210967771080085 0.3590205329420371 -0.401130210652838 0.5428918711394207
 0.09251712132203981 0.3945124021237568 -0.301995280801717 0.6800995043741729
 -0.06482225618330198 0.3353296897511162 -0.4001519459344182 0.5360329330819903
 -0.03459708365111792 0.3668685497483579 -0.4014656333994758 0.5532715154340621
 -0.05747237059183154 0.3493061610908034 -0.4067785316826349 0.5353635009071896
 0.03436826629416424 0.3789375333945575 -0.3445692671003933 0.6241079050708553
 0.04409904417642339 0.3745874103199993 -0.3304883661435759 0.6328158193235548
 0.03435233251216272 0.377791620118948 -0.3434392876067852 0.6224637648037518
 0.02961156759464414 0.363081811923767 -0.3334702443291229 0.620542224326037
 0.02044010142062534 0.3603596215034953 -0.3399195200828699 0.6179585962779556
 0.01310182316569818 0.3446791355015133 -0.3315773123358151 0.6160737052272016
 0.02079143401722166 0.3707376800406207 -0.349946246023399 0.6093910947855324
 0.01428695517917073 0.3630347789667011 -0.3487478237875303 0.6045054002809837
 0.05636121066329333 0.4059135084074581 -0.3495522977441648 0.6098897333665587
 -0.02065809306809059 0.3339865663269389 -0.3546446593950295 0.5807698743072703
 0.04138898901435848 0.3796969879834204 -0.3383079989690619 0.622078375547259
 0.04149916213556575 0.3433563753634239 -0.3018572132278582 0.6332813833067248
 0.07674605142910211 0.4040551601039402 -0.327309108674838 0.6345009300434448
 0.0394324165480266 0.3613458657063955 -0.3219134491583689 0.6254768121584718
 0.0875911454039455 0.4083020677314267 -0.3207109223274812 0.652726138757505
 0.03883188755506297 0.345281735236208 -0.3064498476811451 0.62943192981733
 0.1005150467732607 0.4556251332133034 -0.3551100864400427 0.6370313520121129
 0.1457832874199175 0.457022410688082 -0.3112391232681645 0.6819134299316674
 0.1211739140289161 0.4696668099760182 -0.348492895947102 0.6569576640807259
 0.1639301530237572 0.4586606631904075 -0.2947305101666505 0.698583958385296
 0.1125185848043178 0.4454720448759181 -0.3329534600716001 0.6534820496638105
 0.1306613758914232 0.4506189754905472 -0.319957599599124 0.674513057368219
 0.1213855634034973 0.461039344743409 -0.3396537813399118 0.65846227929374
 0.1524320851136267 0.4549034664778124 -0.3024713813641857 0.6897327820373864
 0.06405600149087376 0.4102710746840667 -0.3462150731931929 0.6172111365158549
 0.05144275478034777 0.3965154558721578 -0.3450727010918101 0.6133194169137124
 0.07840576065346766 0.428720578404748 -0.3503148177512804 0.6298423594868033
 0.0908218025035107 0.404563245124213 -0.3137414426207025 0.6487683127039915
 0.06871737945776725 0.4241768230987971 -0.35545944364103 0.6165187677019595
 0.05860028052848367 0.3939710567334758 -0.3353707762049921 0.6273650805043796
 0.1010701993713644 0.4242473041274253 -0.323177104756061 0.6544587428946165
 0.1180994103691544 0.4171519641078908 -0.2990525537387367 0.67514465226527
 -0.09951557423527188 0.3191226014465014 -0.4186381756817734 0.4962044807144507
 -0.02704672467774067 0.367369911310009 -0.3944166359877497 0.5479321096963858
 -0.04765000340939424 0.3250099163577863 -0.3726599197671806 0.5561926605504587
 -0.02645737275690698 0.3268079186894725 -0.3532652914463795 0.5741814767710532
 -0.1030108262955058 0.3175350401068786 -0.4205458664023845 0.4909930867630397
 -0.04714601388045711 0.3271468642794651 -0.3742928781599222 0.5435856888713184
 -0.05223603083984517 0.3257363660794139 -0.3779723969192592 0.5404985128303722
 -0.04223545986135444 0.3129279994463764 -0.3551634593077309 0.5585479343490548
 -0.003720377242460607 0.3409779983291441 -0.3446983755716047 0.595242134384257
 0.05425374780383099 0.3558064872348369 -0.3015527394310059 0.6502457625815579
 0.05210513156889186 0.3638469955976392 -0.3117418640287474 0.6415843201766741
 0.0922963114108348 0.3750890359176704 -0.2827927245068356 0.6807321848171729
 -0.001959816979433329 0.3385134839706079 -0.3404733009500412 0.5992543903774998
 0.05636299852926539 0.3454625945833409 -0.2890995960540755 0.6580867286413735
 0.09722556078324206 0.3841180862497219 -0.2868925254664798 0.6765855639010527
 0.04969043421384254 0.3378587206544912 -0.2881682864406487 0.6495279352742562
 -0.1322572418685993 0.2485750373073914 -0.3808322791759908 0.4996298686508238
 -0.08218592388425 0.2452097000207301 -0.3273956239049802 0.5602710229237047
 -0.08875266806199719 0.2718583709798179 -0.3606110390418151 0.5408725283105659
 -0.05675726586710145 0.2689657091982009 -0.3257229750653023 0.5762544339565924
 -0.09565236344305823 0.2478752620559562 -0.3435276254990144 0.5355944128536662
 -0.06848277965902738 0.2590734689786878 -0.3275562486377152 0.5642500007383191
 -0.06198779094313649 0.2922528890370077 -0.3542406799801442 0.5616263801657169
 -0.07224281084848433 0.2664167345964373 -0.3386595454449217 0.5573177460155526
 -0.09436215091800723 0.3484919432966548 -0.4428540942146622 0.4927951722010279
 -0.09661777907100808 0.3378229272390222 -0.4344407063100303 0.4903865272798482
 -0.03716929627328426 0.3748045982067861 -0.4119738944800704 0.5366278646780648
 -0.07328545693300884 0.3565749862011301 -0.429860443134139 0.5017346397140118
 -0.09011005074962741 0.3502608332718305 -0.440370884021458 0.4953414305370276
 -0.07925635132490863 0.3371379930953657 -0.4163943444202743 0.5063243850949627
 -0.03600377835213277 0.3747124117692102 -0.410716190121343 0.5372007660389403
 -0.04213206272944058 0.3758055174380948 -0.4179375801675355 0.522462110199593
 0.0344981813499969 0.4056995243603151 -0.3712013430103183 0.5903248797089143
 0.0727580899969761 0.4053238613288016 -0.3325657713318255 0.6362958447185361
 0.06910258554207438 0.4046151772324941 -0.3355125916904197 0.6323393809500075
 0.09450390182615875 0.405411708970908 -0.3109078071447492 0.6551549351976425
 0.004312204155012173 0.3916926851316292 -0.387380480976617 0.5701633589847441
 0.02629782401466304 0.3739718728330261 -0.3476740488183631 0.6082788096073326
 0.08647919473747995 0.4121285543965248 -0.3256493596590448 0.6486901863895651
 0.05447769456955811 0.3959462940632339 -0.3414685994936758 0.6180584519847014
 0.06453957392046704 0.3688829477306713 -0.3043433738102043 0.6282592667068838
 0.1023131849554297 0.3856434643740058 -0.2833302794185762 0.6620150336353986
 0.1107086705199227 0.4068505458735562 -0.2961418753536335 0.6567889430815593
 0.117270562652265 0.3986465857619496 -0.2813760231096846 0.6677910933570055
 0.07554287959593024 0.3694130758831872 -0.2938701962872569 0.6429333754341648
 0.1027727571885125 0.3828319851505944 -0.2800592279620818 0.6657959429717841
 0.1042285397078826 0.4036582630770467 -0.2994297233691642 0.6549897988833449
 0.1236243812291221 0.4020049132365748 -0.2783805320074527 0.6748171520643862
 -0.08705112240802093 0.3529857740329626 -0.4400368964409836 0.5036689620705729
 -0.06299298517928484 0.3610404730723559 -0.4240334582516408 0.520485408147751
 -0.04352363874028846 0.3721116137347875 -0.415635252475076 0.5378880911896216
 -0.01747209158980206 0.3821409190139886 -0.3996130106037907 0.5557046670051899
 -0.1003054576194418 0.358049075489348 -0.4583545331087899 0.4919017165937395
 -0.07474795038822278 0.3625038323700064 -0.4372517827582293 0.5093760499813841
 -0.03720808558259319 0.3809876251681226 -0.4181957107507159 0.5394864193224921
 -0.04533346237203938 0.3789398170677817 -0.4242732794398211 0.5275291015617808
 -0.087969457524619 0.2912775759425614 -0.3792470334671805 0.5151759866957754
 -0.10972510371997 0.2597773386182641 -0.3695024423382343 0.4975117056454398
 -0.1062062523663371 0.2691149866969366 -0.3753212390632738 0.496871469680932
