# Created by Octave 3.2.4, Thu Nov 22 18:34:59 2012 CST <zac1164@zac1164-VirtualBox>
# name: data_slant_energy
# type: matrix
# rows: 208
# columns: 1
 1983339.866761439
 2669268.402222781
 3162054.329613049
 3704803.962307408
 3191608.075987458
 2587073.818005036
 2571934.476578636
 3451285.565039693
 2260629.822785284
 2707255.154569841
 2097369.051757379
 2757450.268375629
 2117477.448907184
 2108708.437008007
 1818936.136881544
 2233706.076979516
 2231724.430574608
 4492921.269979991
 3245881.234542608
 5571599.981710572
 1784588.020688989
 3462677.943535306
 3361745.233839881
 4427841.842612769
 2381785.943373538
 3834294.549162457
 3068952.377049785
 5139019.495457524
 3349501.452208156
 3630011.147777036
 2982339.305275567
 4408659.392528415
 4604969.756034032
 8060224.128426649
 6766728.866263378
 8471850.648096055
 6047885.917982113
 5834681.296521842
 5813793.854068801
 7789777.939713046
 4394253.702232385
 6156718.929326557
 6549558.978499811
 8566966.769930985
 4888172.012165567
 5814817.323298046
 5257051.132999357
 7512253.528749626
 2969633.439296167
 4531935.999474699
 3852619.538191461
 5264129.114431694
 3681244.474856768
 4128804.022449952
 3308510.928783843
 4208788.085909561
 3831556.413271424
 5716762.345970789
 4336810.567691906
 6203710.596742306
 4298852.967247385
 4660329.49970872
 3832757.322218695
 5530075.015954364
 2684821.776016422
 4141438.6408382
 3184346.542051395
 4126226.190259438
 2986287.267089048
 3249624.632646887
 2618824.980594814
 3576456.857008623
 2403404.49566513
 4046904.246517459
 3037016.402304109
 4147809.27077161
 2358101.245676409
 3155292.613167208
 2386436.524635229
 3843945.37080106
 2966831.093309771
 3815911.134875003
 3234458.146387175
 4777114.356276602
 3281880.143923354
 3335431.597157564
 2907094.324726375
 4318485.109060183
 1743069.306744008
 2485762.799626704
 2742628.778064752
 3488419.282089204
 2032919.043623135
 2000377.106268204
 2207034.306462543
 2658138.230800239
 3727075.00300215
 4078404.466567282
 3548397.009999419
 4555872.261808917
 3767322.916174497
 3397910.870156599
 3196432.992707664
 4487056.878128652
 3554704.547377633
 4637260.261939526
 4390889.558915041
 5360515.382347416
 3993851.411773853
 4715531.94282281
 4391246.94056779
 5941683.787066266
 2033250.828759456
 3623713.15935009
 3229407.066090667
 4557855.553761551
 3119426.270297132
 3577816.821976366
 3194564.070639375
 4790623.970477715
 1920684.061732447
 2523967.111455585
 2301013.153904031
 3316087.226720059
 2120079.433053876
 1990464.413811315
 2297731.713225098
 2835880.079337482
 3763980.217261193
 6458511.849987915
 6150581.967465354
 7987856.923983634
 4438919.60319506
 5592589.970897121
 5670550.959857807
 7386023.773322873
 3700851.81628054
 5471794.237343036
 4845753.021050556
 5746862.916588023
 4001012.292086888
 4228417.425075347
 3766761.853805173
 5266632.067391537
 2400197.282697902
 2738348.280731577
 2169405.789193139
 2925362.353339359
 2001794.882332287
 2063279.551112264
 1640157.374796389
 2353002.778685402
 2127271.784511201
 2855686.474857206
 2368591.333501567
 2693727.37122391
 2044522.24953732
 1727872.710165619
 2019865.8331375
 2305550.016897168
 2669242.377373161
 3317234.110809863
 3311120.929246314
 3736015.931320067
 2532895.577112165
 2333549.146484
 2504871.346834904
 3304440.590241786
 2432074.799296444
 3522190.620018084
 2889698.930660647
 4081138.92667716
 2758939.07030353
 3087095.018989267
 2591912.383443846
 3943544.360060986
 4455554.588191744
 6955728.72356252
 5393008.262523446
 6789784.109337363
 5475803.186153544
 5216946.533233404
 5221339.37106695
 6681084.693068663
 2357870.177743646
 3498756.808825666
 3337650.83684604
 5048299.102134228
 3199212.952660913
 3439918.601025129
 2914920.295743586
 4077002.637419999
 3135800.009866221
 4175838.351393167
 3268330.645134714
 4526969.460423816
 3485995.470764799
 3791937.907431024
 3269073.808556804
 4465571.544436757
 2721761.512596712
 5546769.085020483
 3603950.632199306
 6555869.121476434
 2604434.826890629
 3874346.569354715
 2566781.962805775
 4302583.63950412
