# Created by Octave 3.2.4, Tue Nov 20 08:43:27 2012 CST <zac1164@zac1164-VirtualBox>
# name: data_curv
# type: matrix
# rows: 64
# columns: 1
 14.33347381234601
 13.86112145960245
 13.81057702351243
 14.08697932357698
 15.03294394721276
 14.54558323945026
 14.62571664145554
 14.47678471376603
 13.11958663502933
 11.81736065303115
 13.84028221490353
 12.59471710739782
 13.80803676260436
 13.20899172089993
 13.8884654132085
 14.39216520676022
 13.84782075639885
 13.90014152366316
 14.80696670978487
 13.78980528279884
 16.16638512138996
 15.78627819411635
 15.86987852912283
 15.46773795099602
 14.8721816907636
 14.3043472122292
 14.56546894918504
 13.76115586995441
 14.73712410525387
 15.13891239764366
 15.84279092042125
 13.92055824354671
 13.09184497877194
 13.40784602742119
 13.20816184303633
 13.48799843602336
 13.22653441967882
 13.63139040004111
 13.35425588194881
 14.05596518625225
 12.78489303498279
 12.7004149236507
 12.6832120066878
 13.03330910760158
 12.8046058554427
 12.20774681708062
 12.427118268844
 12.22036507664842
 11.91229702243601
 11.47362551245035
 12.03462066885642
 12.57172543259005
 14.22805532428473
 13.69135910598026
 13.3017248090895
 13.56286213787184
 15.67040465332198
 15.12162456587146
 14.89915218524981
 14.60775031622285
 15.08988132344565
 15.29573281988682
 14.86669684275992
 14.81345669473746
