# Created by Octave 3.2.4, Tue Nov 20 14:38:54 2012 CST <zac1164@zac1164-VirtualBox>
# name: data_curv_direct
# type: matrix
# rows: 64
# columns: 8
 0.06814272038235358 0.2075952464928129 0.05835354749548331 0.1935449042316579 0.03415413628544076 0.1815675632877225 0.05865586018757783 0.1979860216369513
 0.06629786727192118 0.204630726371583 0.0636575988777205 0.187101726431138 0.03088253783392116 0.1884119348072075 0.06249958642412372 0.196518021982385
 0.06745771201527039 0.2149766138475805 0.0607566147952104 0.17758584511666 0.03177944590725411 0.1965587496700217 0.06481111705260023 0.1860739015954026
 0.07063756320138118 0.1853249475890985 0.06463189049204587 0.2055247256135158 0.03675545689974103 0.1608706375632014 0.06109877913429523 0.2151559995067209
 0.07835153577691734 0.2121785633670759 0.05597902522876044 0.1862639556890594 0.03799072803986596 0.185473929123331 0.05493723195527234 0.1888250308197177
 0.06990356932255715 0.1847965590204308 0.05844809046446287 0.2154514551319852 0.03167817128585799 0.1624492698324604 0.05831801311179715 0.2189548718304485
 0.07697014303322662 0.1973468356226335 0.05948337781876546 0.197568523822614 0.03370547392503392 0.1738124163127045 0.05821532131487705 0.202897908150145
 0.07606863193054877 0.1907072744174321 0.06120310702862815 0.2003418991948825 0.03461532401644898 0.1693188800831902 0.06050197734326995 0.2072429059855993
 0.0722307279183667 0.2715285403958221 0.07547714283424047 0.1052479699886977 0.03609532436093721 0.2407397016504613 0.08085577100350293 0.1178248218479716
 0.09517685776708426 0.1404906109129124 0.08963190353715535 0.2092839956857214 0.04108244143919909 0.1103459719571891 0.07986946541663209 0.2341187532841063
 0.07919317040508872 0.2634917977904252 0.07150987612989622 0.1182541011047874 0.03764646802812186 0.2311181787746903 0.07514228322731838 0.1236441245396719
 0.1038004406774209 0.1659053991025621 0.07789053830194445 0.1823664699165286 0.05832542580053718 0.1466056580407546 0.07437637711694035 0.1907296910433118
 0.07492381116669541 0.1899066566998256 0.07463630613535736 0.1962413508903073 0.03224848101508443 0.1597952964176873 0.06825369443965269 0.2039944032353899
 0.06764214310491627 0.1945591960728664 0.07548379636929352 0.1968717479738892 0.02725657763341848 0.1671869908443968 0.07321329086647115 0.1977862571347482
 0.0666468007275044 0.2289480985213576 0.07249355213267707 0.1585404700007193 0.02837061622088184 0.2081710662871587 0.0729764999640358 0.1638528961456653
 0.06142052673144937 0.2367973766438897 0.07328400233492428 0.1515039659375751 0.03021666723895203 0.215431102564983 0.07547299385365519 0.1558733646945713
 0.0721613483983114 0.2615392972436056 0.0702756394338217 0.1063912341693568 0.03826514775266948 0.2410758629252545 0.08374720635708964 0.1265442637198907
 0.0710346694786041 0.2559813044159767 0.0726021346025051 0.1119098850050586 0.03743391709534463 0.2378842070763925 0.08375963634809125 0.129394245978027
 0.07491374272516951 0.25782719725898 0.06358622125091061 0.1255553687648599 0.04115532713721912 0.2296324759640401 0.06984637799498868 0.1374832889038322
 0.0865808769828518 0.240534895270369 0.06917706172767375 0.1215637872104233 0.04793900265840904 0.2193041395226549 0.08044608688031317 0.1344541497473051
 0.06476402643353239 0.2556395903925717 0.06615871351816838 0.1286013815826422 0.03270494411891346 0.2325289701780332 0.06961267012374338 0.1499897036523953
 0.06193906588923603 0.2630693916538974 0.06514298222920938 0.1180474020417504 0.03174066187737557 0.2458458538138545 0.07427712881335695 0.1399375136813198
 0.06090066779551379 0.2619908297026312 0.06374498202089002 0.1251308004033409 0.03021251498259166 0.2405015125283005 0.07283917733680866 0.1446795152299233
 0.05798389533746912 0.2609986312814405 0.06442753790639387 0.123984570808966 0.03304477665001689 0.2429386565227438 0.07429297687398902 0.1423289546189807
 0.07155181933631495 0.279719507481641 0.0585279664292419 0.1089738280602948 0.04037601457677654 0.2619402573021921 0.06646513168792446 0.1124454751256143
 0.08205546736949294 0.2512728742999191 0.05682260624756656 0.125610230914373 0.04582347479708886 0.2342313336727665 0.07074934858785828 0.1334346641109347
 0.07262677798392084 0.2458578128220985 0.05977504638218924 0.1369176458462173 0.04417259327973614 0.2303777571634714 0.06483843537414966 0.1454339311482169
 0.08637631714554792 0.2029070490608952 0.06692787462018231 0.162561970254278 0.04785258631412478 0.1804822574053343 0.07352026582795813 0.1793716793716794
 0.08847912279703299 0.2475575285034052 0.06508830838692542 0.1324625803881395 0.0464022157722004 0.2194714776241155 0.06781059700643105 0.1327281695217498
 0.08076398362892223 0.2622919508867667 0.05854479308776717 0.1203092314688495 0.04693042291950886 0.2457753524329241 0.06527512505684402 0.1201091405184175
 0.07206865127582017 0.3007575182260024 0.05366228736330498 0.09674020352369381 0.03713547995139733 0.2719566373025517 0.06348724179829891 0.1041919805589307
 0.07740958036340712 0.2243484803806929 0.0614050250643131 0.1576357184255748 0.04184164234801265 0.2030260201124589 0.06731267857687576 0.1670208547286648
 0.0577382962912923 0.1459974329527798 0.08312504222117138 0.232405593460785 0.02771735459028575 0.132506924272107 0.07620077011416605 0.2443085860974127
 0.06149789643071793 0.1676198969864997 0.07536658976198324 0.2170327717352669 0.02994112591041574 0.1477603934417754 0.07214822569908942 0.2286331000342517
 0.06107507797512626 0.1529095488535373 0.07968470643506857 0.2284312318112415 0.03170553460268574 0.1355135918148955 0.07282681039320343 0.2378534981142417
 0.06733703536945319 0.1398685943935832 0.08313739223239448 0.2318942084813314 0.03551119782547067 0.1247436089849417 0.07342371637734087 0.2440842463354845
 0.07764209927160505 0.1597488415941088 0.08455251291811559 0.2098560108147529 0.04249415238484867 0.141694607742865 0.0727683455028949 0.2112434297708091
 0.0621915558250378 0.1624056918743428 0.07246855116623559 0.2190865063588429 0.03726274262995909 0.150056412185032 0.0671727133877244 0.2293558265728254
 0.06722980604769742 0.1715800174266628 0.0742085390647691 0.2083292993836125 0.04163036111917901 0.1528140833252654 0.068835318036596 0.2153725755962178
 0.05938315680125184 0.1674194757293043 0.06892969618072678 0.2208196085392874 0.03579952267303103 0.1506867328086682 0.06495197143927887 0.2320098358284516
 0.08121003634384778 0.1921462305404933 0.07805181427710726 0.1786484753075623 0.03937574096748489 0.1732746389909238 0.07289176530037121 0.1844012982722096
 0.07451582086095591 0.2676277875884164 0.06976811510291521 0.1175153673199587 0.03820359165870557 0.2432716710573295 0.06792500168871649 0.1211726447230023
 0.07720180876231546 0.2637578734066022 0.07034408408947983 0.1217820102017389 0.04035775961029757 0.2320346579622476 0.06726958743848512 0.1272522185288334
 0.07480980187878099 0.2657783458672947 0.06955691935949852 0.1146178965707432 0.04274970890276039 0.2427794752370363 0.06679915603687524 0.1229086961470107
 0.07752384737678855 0.1637420508744038 0.07951112877583466 0.2093899046104928 0.0363275039745628 0.1425178855325914 0.07093600953895071 0.2200516693163752
 0.0699202205253574 0.2294992907373314 0.07243533637159327 0.1528284992806769 0.03583537057716878 0.2040463183734243 0.07327035483254359 0.1621646093019044
 0.076103656662911 0.1844924715763597 0.07034722933524531 0.198760626856499 0.03884052033186521 0.1541534364437161 0.06732561712588343 0.2099764416675202
 0.07171667042634784 0.1762237762237762 0.07331378299120235 0.2050530115046244 0.03513647642679901 0.1455718475073314 0.06877509587187007 0.2242093390480487
 0.08190109339643825 0.1448793463803914 0.07973330108994178 0.2210457222807593 0.04068712970480023 0.1156530150449968 0.08637486397319193 0.2297255281294802
 0.09928204915997682 0.1556215343871555 0.07974013076222793 0.1936812049987586 0.04373913763138294 0.1288587271373003 0.09121286104444261 0.2078643548787553
