# Created by Octave 3.2.4, Tue Nov 20 14:43:14 2012 CST <zac1164@zac1164-VirtualBox>
# name: data_entropy
# type: matrix
# rows: 64
# columns: 1
 0.420104639767473
 0.4256353628657554
 0.4076877270161692
 0.3548061847037644
 0.233954299334916
 0.2442146193386806
 0.2524656422304314
 0.2559907262903519
 0.3724077408169724
 0.4874228078990572
 0.3643734176864519
 0.3243918183011617
 0.3673021376036189
 0.3535501323950392
 0.3574245916903157
 0.3981664672035876
 0.4173056425672088
 0.4401572784515847
 0.4132846832863599
 0.4050675354888707
 0.4094346862710872
 0.4114176352475047
 0.416777964639228
 0.4129775221548355
 0.3972093251167422
 0.3267094609130202
 0.3597024524638827
 0.3208639544582048
 0.2609161284904489
 0.28186701662452
 0.3199562861575139
 0.3106841447230495
 0.3985105790089952
 0.4017165161663144
 0.3884566599912346
 0.347986596675703
 0.3402661317130034
 0.3844814301761082
 0.3724693897313519
 0.3699325835942443
 0.309702467660016
 0.3131823391351208
 0.31417789205577
 0.3163806941525618
 0.3386741350406554
 0.3263696324240839
 0.3102430786581095
 0.3278512450955744
 0.461368162004269
 0.4904220199310654
 0.4834222010088431
 0.5025318108698514
 0.481181872657894
 0.4992263986086765
 0.4510821292525724
 0.4787695086085245
 0.3607263631206189
 0.3785928046823706
 0.3659123635288977
 0.4418241771025984
 0.4052535176368328
 0.3809232376840479
 0.3630305044845591
 0.4151156249054023
