# Created by Octave 3.2.4, Wed Nov 21 18:50:53 2012 CST <zac1164@zac1164-VirtualBox>
# name: data_skew
# type: matrix
# rows: 64
# columns: 1
 -1.4
 -0.5
 -0.6499999999999999
 0
 -2.85
 0
 -1.7
 -1.15
 -2
 0
 -1.8
 0
 -2.85
 -1.25
 -2.4
 -2.1
 0
 0
 -2.1
 -1.65
 -1.3
 -1.15
 -1.35
 -1.5
 0
 0
 0
 0
 -0.5499999999999999
 1.15
 0
 0
 1.5
 1.2
 0
 1.45
 0.7500000000000001
 -0.7
 0
 0
 -1.1
 -1.65
 -0.8999999999999999
 -0.6499999999999999
 -1.8
 -1.15
 -2
 -1.2
 1.95
 0
 -0.6499999999999999
 0.9500000000000001
 0
 0
 0
 -0.6499999999999999
 -2.3
 0
 0
 0
 -1.35
 -2.4
 -1.2
 -0.7
