# Created by Octave 3.2.4, Thu Nov 22 18:29:52 2012 CST <zac1164@zac1164-VirtualBox>
# name: data_slant_energy
# type: matrix
# rows: 64
# columns: 1
 4532169.688635157
 5790736.724492375
 5808634.748910608
 5463011.127072982
 2105073.025476567
 2938214.03938663
 2674781.061242095
 3316737.605281266
 5095030.045166679
 1892729.505518119
 3988634.509925483
 3918528.615447443
 3756401.113044199
 4319907.476560432
 4352770.139561588
 5532321.914797986
 4961517.93920728
 5793738.724202361
 4268844.398450267
 4104513.949715892
 3979785.035632752
 4014305.241776273
 4244193.872888949
 4580193.840733452
 5096722.824885998
 3465982.059595712
 4643346.649884501
 2751987.816387418
 2557880.030313519
 2746002.348681835
 3270780.73876582
 3077921.494652602
 5140044.849245243
 5402231.562120516
 5556292.639257904
 3886587.502567068
 3441831.535492988
 4668194.053093998
 4444058.273649162
 5412377.372533161
 3499151.371775539
 3993582.86302675
 3808874.840894611
 4150026.351059197
 3182172.605634153
 4304214.421652913
 3831960.514701962
 5367903.586130119
 4665471.010337712
 3608216.229436953
 4091920.880028412
 3277034.313574955
 2815978.645397067
 3037444.226506778
 3091446.810781373
 3410853.841761468
 3889906.796649175
 5789429.16795883
 5287739.392365433
 8293394.448760014
 5512297.978839587
 4920475.609936602
 4679935.947439874
 6438286.09192859
