# Created by Octave 3.2.4, Tue Nov 20 02:47:19 2012 CST <zac1164@zac1164-VirtualBox>
# name: data_slant
# type: matrix
# rows: 64
# columns: 4
 0.01544053792214674 0.3690163554754644 -0.3535758175533177 0.58478156332439
 0.04028937108974248 0.364100384039571 -0.3238110129498286 0.6181634999907095
 0.05178332319997158 0.3821190677149697 -0.3303357445149982 0.6272480875424287
 -0.01505066020811892 0.3166140139186233 -0.3316646741267422 0.5859564581361328
 0.0170735057674297 0.3572834975235287 -0.3402099917560991 0.6028079008520527
 -0.01298184517638491 0.2976737158650055 -0.3106555610413905 0.609338958274277
 0.004370211747645446 0.3128957163932419 -0.3085255046455964 0.6207400616578298
 -0.002399301555114901 0.3122637000193728 -0.3146630015744877 0.6145561562587103
 0.1592676016782495 0.40961363503021 -0.2503460333519606 0.7211196116839758
 -0.07334804119700798 0.3107646229529916 -0.3841126641499997 0.5228796159619976
 0.160895836792253 0.4301027084564574 -0.2692068716642046 0.6990261425066376
 0.006115496639322273 0.3312067160213893 -0.3250912193820671 0.5955677234283119
 -0.002089919823788429 0.3361755055950372 -0.3382654254188256 0.5970606591969566
 0.01737205021571599 0.321239658795379 -0.3038676085796631 0.6299510133325542
 0.07954841183042934 0.3538647204091595 -0.2743163085787301 0.6745321090463665
 0.09304799927631568 0.3645837915738449 -0.2715357922975291 0.6813373170738232
 0.1815101433129441 0.4650528910789137 -0.2835427477659698 0.7071510514428271
 0.1606537841671933 0.4605631402091527 -0.2999093560419596 0.6931419997319807
 0.1574495373816563 0.4671322893347596 -0.3096827519531036 0.6778716282347415
 0.1318421935461092 0.4673922834802178 -0.3355500899341088 0.6566872141054837
 0.1490668418537944 0.454913722653171 -0.3058468807993767 0.6758799370290979
 0.1610318254036618 0.4666116556763214 -0.3055798302726596 0.6868999003283852
 0.1576285938413642 0.4650022350022452 -0.3073736411608811 0.6819980158848025
 0.157429178668244 0.4605533283149565 -0.3031241496467126 0.686003755062928
 0.2154937987263237 0.4508904328098689 -0.2353966340835456 0.740141449235773
 0.1570457888269194 0.4636510412200544 -0.3066052523931353 0.6774141079066315
 0.1362162059813131 0.4195781411047234 -0.2833619351234106 0.6828562868271247
 0.05714769351295226 0.4057841694222704 -0.3486364759093182 0.608031365412407
 0.1236732392970776 0.4199041317913071 -0.2962308924942294 0.673938109814985
 0.162429599348748 0.4407826722768331 -0.2783530729280851 0.7017507706552546
 0.2119395716218185 0.4582100399745492 -0.2462704683527308 0.7435861443757219
 0.08201604707078251 0.3983326754823199 -0.3163166284115373 0.6527816702932665
 -0.04079665787188689 0.2779951403868436 -0.3187917982587306 0.5563898460977666
 -0.007457770465318481 0.3049676780586368 -0.3124254485239554 0.5802733353658167
 -0.03870416605730417 0.2806095880953661 -0.3193137541526703 0.5583662083422742
 -0.0675270775328595 0.2833503534264168 -0.3508774309592764 0.5292421458967979
 -0.006175949574637961 0.3129040282068258 -0.3190799777814638 0.5867083273263616
 0.002678178519088556 0.2927263377706571 -0.2900481592515686 0.6051990410484017
 0.01585095925415527 0.2998522395303319 -0.2840012802761766 0.6208248627769872
 -0.004550127774972006 0.2913588281946661 -0.2959089559696381 0.5980098120307873
 0.01051022278768443 0.2958929840957626 -0.2853827613080782 0.6410078326966856
 0.09766719386688624 0.3226753659485312 -0.2250081720816449 0.7316853755611153
 0.08955410687679458 0.3262373393265199 -0.2366832324497253 0.7204262124984268
 0.1067926430471447 0.3360225185885268 -0.229229875541382 0.7292443537123775
 -0.02954093228629713 0.2753941173323926 -0.3049350496186897 0.6044917279496572
 0.04811408398269826 0.2847342041779766 -0.2366201201952783 0.7040127588951339
 -0.004720821037094389 0.275317613758891 -0.2800384347959854 0.6435263605283894
 -0.004795319930611739 0.2734186311449563 -0.278213951075568 0.6431341340684344
 -0.03625732296267034 0.3478561923829548 -0.3841135153456252 0.5461041327799024
 0.01072758875788075 0.3845793830358875 -0.3738517942780067 0.5743827082170228
 -0.01707654133065177 0.3654338634921888 -0.3825104048228406 0.5468171170589375
 -0.1007716561475748 0.3332145594998295 -0.4339862156474044 0.4899165764346884
 -0.08976257728275742 0.3489775416016196 -0.4387401188843771 0.4963610539874093
 -0.09301430580990129 0.3267080641868635 -0.4197223699967649 0.4970932011504804
 -0.04550614452760601 0.3430751282692219 -0.3885812727968279 0.5411152693862452
 -0.04579649386253748 0.3489124992092252 -0.3947089930717627 0.5299210564732569
 -0.06570855026482894 0.3439015487499437 -0.4096100990147727 0.5193470553476462
 -0.0135542921886542 0.350839483690815 -0.3643937758794692 0.5675637812339247
 0.02982231171776668 0.3549885592404516 -0.325166247522685 0.6129674553728032
 0.0180987351307687 0.3504758400203689 -0.3323771048896003 0.6064185357451857
 -0.05474008341856183 0.3283184340880422 -0.3830585175066041 0.5378226109097474
 -0.0260226720545701 0.3318577989839544 -0.3578804710385246 0.5623346519811981
 0.02230928724180431 0.3712743348131199 -0.3489650475713157 0.5906048631136744
 -0.002672942917746676 0.3476536412058076 -0.3503265841235543 0.5798992442239889
