# Created by Octave 3.2.4, Mon Nov 19 09:49:09 2012 CST <zac1164@zac1164-VirtualBox>
# name: data_asc
# type: matrix
# rows: 2080
# columns: 1
 4.576205259097608
 2.350994526529159
 0.9550115961542436
 1.285257256488752
 3.14512855017707
 3.357781223795559
 2.581772682054513
 1.603824084577587
 1.707215679278427
 4.03634671991697
 4.948425448179441
 0.750223458232362
 1.556423322690397
 1.093093221985263
 1.486196861547546
 3.446224258141101
 1.26604788619845
 2.594324744439467
 0.902959917786082
 2.486742859118582
 1.411918161396768
 1.688557181740239
 1.403385766833334
 0.9101241085367303
 2.603542641181208
 2.480829775806974
 1.78084337285371
 1.587562189054726
 0.7320640276371199
 1.430618476692521
 2.486451933649676
 1.255737264756439
 2.607208751185412
 3.748441514400447
 1.035446515748402
 1.460163909975184
 1.024860040322505
 2.039339682616228
 1.936161711848707
 1.387360480336268
 0.8430370943120408
 2.640697195647822
 4.331407430631176
 1.705850969233505
 4.940237133438684
 2.504412638742744
 1.542919296545409
 4.030167980802194
 2.148083532071381
 1.996430621486004
 2.972590284095321
 1.230418141108049
 2.052385710029855
 1.363297366024028
 6.679895655972112
 4.557072884042022
 2.961483219620278
 3.860638386952646
 0.9206045713474709
 5.805087590800573
 2.311746483954141
 2.15509486584561
 0.6886656630828158
 1.11703637303535
 1.882829042479852
 3.325296736808093
 2.231414726082174
 1.738551355447216
 1.08047068526767
 3.096650967851377
 1.228792685454474
 0.3608534173272127
 3.135363961218373
 1.489121952627814
 5.017781175555099
 1.754879878874035
 1.716823472097708
 0.8404113203239223
 1.845208458520598
 0.6142382995077552
 2.186349152569795
 0.5951034250926175
 2.355004141667612
 0.9925998194603743
 0.4049329802089819
 1.597969405305975
 0.9711444396320248
 0.5602975115119002
 2.49133436974345
 0.945416494951122
 3.972190886697702
 1.114719260322492
 0.8189690721654296
 1.162901767368709
 0.5191459288895012
 2.116794610933199
 2.103697431674582
 4.003924481024726
 3.662874063347842
 0.9071865080154875
 1.088440144010486
 0.9966883817767013
 1.213204051718415
 0.795561524856699
 1.742720508721529
 0.9838206780944014
 1.763986715710387
 0.9983318077991151
 0.6769770941314162
 2.268559517972715
 1.9457311222498
 0.5590261959549686
 1.208895735270413
 1.882726298575786
 0.3642880579981944
 1.663767645238929
 0.4865342895553952
 0.4139703691542296
 2.632430280867475
 1.411363091942247
 1.920574619539572
 0.388363628961807
 1.085043497075967
 0.9884724306003554
 1.655394627781215
 0.5331669123483751
 2.482411836334723
 0.8001779436092632
 1.125679852999646
 0.6447963619435922
 0.4766167489333222
 1.665687714145864
 0.5905559786747906
 1.824249846907532
 0.5482906328295483
 1.493195074530136
 1.028189327389537
 1.471685177567531
 0.6145748160261651
 2.026669557675629
 0.7125098129918581
 5.068542072237466
 0.4473460481967223
 0.6466238952398669
 0.9939615004591469
 1.839129984068336
 0.632070298572405
 0.5991575268958299
 0.5825191087869959
 1.24878450350942
 1.162181744987175
 0.3603708929601815
 0.9726008967220079
 0.9061420508732453
 0.8474317171189255
 1.950491550594683
 0.4633213023039826
 0.3135774247208067
 0.1067453414917975
 0.6737435396415095
 0.4084507617790442
 1.12844598621933
 1.250541279058533
 1.254547433237878
 1.069816512703861
 1.621693641195045
 0.6256381861047935
 1.678298999432446
 1.230380097407949
 3.174637114765249
 1.471938290129161
 2.133911018711576
 0.6675418320854704
 1.978550969621881
 3.985007541281891
 1.06755114403221
 3.33116958526479
 2.060315385926085
 2.080906878997259
 1.455609150202772
 1.050250444336726
 2.332227881084922
 1.203039406255522
 0.9235054961602168
 0.8999758978067004
 1.229356450191008
 1.419784823383795
 0.6782858473720984
 1.688236577913575
 1.729311597964905
 1.799921244012708
 2.104068747760321
 2.344598058779253
 0.9870376825590126
 2.290591187727953
 1.815172178856789
 2.282619141690855
 1.901215824736228
 2.091399534629331
 0.971316536495857
 0.936768873666196
 1.700180894707712
 1.77731781712099
 1.169322307382009
 0.7544405878682751
 1.892935210016595
 1.533102196649476
 0.7455601508641077
 0.8341591182495023
 1.259714357325439
 0.5388220484423797
 1.344205294500397
 0.4966920929846487
 1.007229838705019
 0.6618671695731906
 1.654733087017454
 1.352676865440861
 0.6100097191558488
 0.9672391824934883
 3.097788044293084
 0.6117268898248726
 4.265638766519824
 0.765795889933821
 1.1531737603137
 0.396510196435262
 1.994116108786611
 3.349662427382635
 1.142869386355845
 1.703317942660797
 1.353510484761015
 1.937784622943041
 1.404729986409132
 1.074681025400913
 2.613099885120861
 1.267905512690072
 3.552337531741693
 2.26627036008058
 1.736461138332205
 2.125357307062997
 1.39766676231089
 2.108534221236373
 1.655221622960732
 0.9774548258282046
 0.8917163414058241
 1.977173362912974
 1.32821867968539
 1.99713281182227
 0.6437783540562816
 3.015692937000682
 0.9107130833873645
 1.198212757866717
 1.029802464037442
 3.003430767119528
 3.137473079684135
 1.165565648224608
 2.714089157952669
 2.96752655538695
 2.06171875
 1.082680768839622
 1.491870250837487
 2.774872293845779
 1.679759202605349
 3.08734772978959
 0.6760332385742401
 0.741043773011513
 3.042308810700785
 1.278204640547737
 1.832666806988003
 2.08898398068905
 1.527194617816325
 0.831087020216818
 1.418358889349358
 2.339651904187489
 1.759805200452213
 2.837796006810091
 0.6742759795570699
 0.7275706677591152
 1.868389488605386
 1.096735187424426
 0.3568781183178902
 1.152521184233212
 0.8515337842207368
 0.8127905998189944
 4.340396631350177
 0.5317221841818514
 0.5523227142264484
 1.440437863973916
 0.7584295522956519
 0.9860822401391669
 0.8787699445541357
 1.778706800445931
 1.063504257089815
 1.787850073699726
 1.388797506709376
 1.889674378748929
 1.207389643840483
 2.208786231884058
 1.142651986596458
 0.5243055555555556
 3.139758668092256
 2.024689957921748
 0.6904972731748092
 0.876408638234619
 0.237479976780002
 4.979774526438417
 0.6031327818207224
 0.2946824015323274
 2.383096184435708
 0.887461051102401
 1.845457922858966
 1.710291318150133
 1.200401566888882
 3.365039001767068
 2.326210714984335
 6.170280545823855
 3.217493264928337
 2.106297418975096
 0.6260549791688724
 0.3613288337779412
 1.208960530994429
 0.437896943830792
 5.095386705359553
 4.987520618203228
 4.531724975127672
 0.3426585376793833
 0.4610464099464492
 6.014589665653496
 0.4627909501496369
 0.8278918195399201
 0.7801752885484086
 0.570110377755804
 0.2739762823850385
 0.3638127577007034
 0.3699311953105016
 0.4019063977374405
 5.070071693942222
 0.6640103298566786
 0.3736235263635186
 0.6697858842188739
 0.7261029193979478
 0.3750448612745001
 0.3438506791300433
 0.4806201550387597
 0.596022000948116
 0.6235574198212843
 0.6117996838233457
 0.7506232644122077
 0.4092049147659905
 0.4014887764853308
 0.5261776875756581
 5.050394235756879
 5.306789746132266
 4.578586684548393
 4.50762691102689
 0.2369081462615452
 0.9745293108519786
 0.2938492363474737
 0.28920236211414
 0.313018594953917
 0.2374702670553423
 0.3535153836648956
 0.562209594702779
 0.8555218085433409
 5.118218797715096
 0.4462452728254998
 0.901076737323377
 0.655674400946655
 0.4506321920727376
 0.401571232419662
 0.3265531742358113
 0.5910428662827895
 0.5992564745999416
 0.5215038689122725
 0.9908894406195472
 0.3853881763579374
 0.5403281139791195
 0.4072315482598791
 0.3612810831922927
 0.3718217867972942
 0.3694107882908915
 1.26036753967338
 3.628709198813056
 0.3920363050797833
 0.4242901552760028
 1.018319090172743
 0.4354471055149148
 0.5327014752496386
 0.5341149730450464
 0.5147948615765725
 0.4282944659803962
 0.8945841102419736
 0.3670331061942926
 0.3962049333383902
 1.204252080377587
 0.4488881789891884
 0.5249569707401033
 0.3345837828703715
 0.3518073349983089
 0.2098530367112028
 0.288014038195862
 0.75828597663324
 0.7581935357493843
 0.579896358277539
 0.7823347353768916
 0.9319345941686368
 0.5595414580133465
 0.7488541910677476
