# Created by Octave 3.2.4, Mon Nov 19 11:10:45 2012 CST <zac1164@zac1164-VirtualBox>
# name: data_curv_direct
# type: matrix
# rows: 2080
# columns: 8
 0.04953031596925705 0.177732707087959 0.04856959863364645 0.2226729291204099 0.03309137489325363 0.177198975234842 0.0535866780529462 0.2376174210076857
 0.06008968609865471 0.154559043348281 0.04813153961136024 0.2406576980568012 0.03168908819133034 0.157847533632287 0.05500747384155456 0.2520179372197309
 0.06404413528424083 0.1573518829455505 0.05205085152314703 0.2264331974094507 0.04245622451427201 0.1633485248260974 0.05516910530103143 0.2391460781962101
 0.05841708542713568 0.1564070351758794 0.05443886097152429 0.2319932998324958 0.04187604690117253 0.157035175879397 0.05695142378559464 0.2428810720268007
 0.06978967495219886 0.188655194391332 0.04780114722753346 0.1870618228170809 0.04620777565328234 0.188655194391332 0.05991077119184194 0.2119184193753983
 0.05744247926123024 0.1405540773203944 0.04492095789638441 0.243700109563312 0.03740804507747691 0.1530755986852403 0.05885115041477539 0.2640475817811864
 0.06299067146947446 0.1461161910039716 0.04553431236723007 0.2556571534127644 0.04073150457190357 0.1297681721621871 0.0457190357439734 0.2734829592684954
 0.05666063893911995 0.1750050231062889 0.04781997187060478 0.2101667671287925 0.04520795660036166 0.1733976290938316 0.05806710870002009 0.2336749045609805
 0.07634660421545668 0.1526932084309134 0.06791569086651054 0.2079625292740047 0.03747072599531616 0.1400468384074942 0.07353629976580796 0.2440281030444965
 0.0411048281861679 0.1550674206176599 0.04066985645933014 0.2727272727272727 0.02979556328838626 0.140495867768595 0.04284471509351892 0.2772944758590691
 0.06794425087108014 0.1660859465737514 0.0586527293844367 0.2288037166085947 0.03948896631823461 0.1387921022067364 0.05574912891986063 0.2444831591173054
 0.06656298600311042 0.1632970451010886 0.05287713841368585 0.249144634525661 0.03888024883359253 0.1405909797822706 0.04541213063763608 0.2432348367029549
 0.05682204831575366 0.1701258931609391 0.04423273222184416 0.2417488941816945 0.0385335148009527 0.1541340592038108 0.05129295678802314 0.243109901326982
 0.06294839157602407 0.1549409858828975 0.04917843091876881 0.2410321684795186 0.04269844943300162 0.143253876417496 0.05507984262902106 0.2508678546632724
 0.06963087248322147 0.1686241610738255 0.07298657718120806 0.1904362416107382 0.06040268456375839 0.1552013422818792 0.07046979865771812 0.212248322147651
 0.06380905991232343 0.1622990745250852 0.05104724792985874 0.2318558207501218 0.03974671212859231 0.1563565513882124 0.05825621042377009 0.236629322942036
 0.08641462401329456 0.162858329871209 0.05151641046946406 0.2243456584960532 0.03780639800581637 0.1491483174075613 0.05608641462401329 0.2318238471125883
 0.06586402266288952 0.1437677053824363 0.06232294617563739 0.2407932011331445 0.03470254957507082 0.1451841359773371 0.05311614730878187 0.2542492917847026
 0.07215332581736189 0.1420518602029312 0.04396843291995491 0.2615558060879369 0.04374295377677564 0.1055242390078918 0.05253664036076663 0.278466741826381
 0.06903180706046837 0.1520447396015379 0.05784690667598742 0.2399510660608179 0.04072002796225096 0.1314225795176512 0.0564487941279273 0.2525340789933589
 0.06512301013024602 0.1570188133140376 0.07272069464544138 0.2178002894356006 0.03581765557163531 0.1490593342981187 0.06186685962373372 0.2405933429811867
 0.05941255006675567 0.1228304405874499 0.05540720961281709 0.27369826435247 0.03960836671117045 0.1092567868268803 0.05318202047174009 0.2866043613707165
 0.06198110506727741 0.1402805611222445 0.05081591754938448 0.2602347552247352 0.04451760664185514 0.1253936444317206 0.05596908101918122 0.2608073289436015
 0.07032590051457976 0.1097770154373928 0.08004574042309891 0.2641509433962264 0.05317324185248713 0.1074899942824471 0.0714694110920526 0.2435677530017153
 0.07877330126277811 0.121467227901383 0.04990980156343957 0.2880336740829826 0.03367408298256164 0.09861695730607337 0.04088995790739627 0.2886349969933855
 0.0746771476698484 0.1437394722066255 0.06962380685008422 0.2257158899494666 0.03509264458169568 0.1294216732172936 0.07271195957327344 0.2490174059517125
 0.07217321571772253 0.1579791499599038 0.05934242181234964 0.2032878909382518 0.05332798716920609 0.1619887730553328 0.06776263031275061 0.2241379310344828
 0.07394876752054133 0.1261478975350411 0.07104881585306912 0.235379410343161 0.04253262445625906 0.1184146930884485 0.0681488641855969 0.264378927017883
 0.05954198473282443 0.1358778625954198 0.06641221374045801 0.2377862595419847 0.03206106870229008 0.1396946564885496 0.07061068702290077 0.2580152671755725
 0.05082694634933441 0.1643807987091569 0.04840661557079468 0.2357805566760791 0.0326744655102864 0.1524808390480032 0.05304558289632916 0.2624041952400161
 0.09379042690815007 0.166882276843467 0.06532988357050452 0.221216041397154 0.05498059508408797 0.1351875808538163 0.06468305304010349 0.1979301423027167
 0.05968586387434555 0.1460732984293194 0.05340314136125655 0.262303664921466 0.03979057591623036 0.1277486910994765 0.05392670157068063 0.2570680628272251
 0.08103061986557132 0.1702763256161314 0.0619865571321882 0.2128454070201643 0.04854368932038835 0.148991784914115 0.05451829723674384 0.2218073188946975
 0.05881463562140913 0.1056849107952827 0.04883580284245539 0.2983066223162988 0.04142727547626247 0.1023586332022982 0.05019655276685818 0.2943755669791352
 0.07860097781120721 0.15344114328695 0.0564121850319669 0.2188792779240316 0.04588191049266641 0.1395261376457315 0.0654381346370816 0.2418202331703648
 0.08025568181818182 0.234375 0.04474431818181818 0.1690340909090909 0.03764204545454546 0.203125 0.04900568181818182 0.1818181818181818
 0.05746606334841629 0.1262443438914027 0.06199095022624435 0.253393665158371 0.03665158371040724 0.1298642533936652 0.05610859728506788 0.2782805429864253
 0.06745807424156774 0.1611079706048615 0.05068777086866403 0.2308272093461466 0.04107782174486527 0.1467872621066516 0.0518183531185227 0.2502355379687206
 0.05328836424957842 0.1507588532883642 0.05092748735244519 0.2340640809443508 0.0387858347386172 0.1595278246205734 0.05767284991568297 0.2549747048903879
 0.07386541471048513 0.1636932707355243 0.05320813771517997 0.2194053208137715 0.04100156494522691 0.1508607198748044 0.05790297339593115 0.2400625978090767
 0.05901747444774151 0.1605670952851962 0.06000659413122321 0.2017804154302671 0.03461918892185954 0.17441477085394 0.06857896472139796 0.2410154962083745
 0.06391158097068717 0.1705910619894282 0.05358000961076406 0.2393080249879865 0.03772224891878904 0.154252763094666 0.05309947140797693 0.2275348390197021
 0.06556408741878322 0.1464855286473715 0.06083874778499705 0.2279976373301831 0.04784406379208506 0.138806851742469 0.0661547548730065 0.2463083284111046
 0.05650573717254817 0.1511149599480407 0.04394890668975969 0.2461571768781121 0.04308291838060186 0.1483004979432778 0.05260878978133795 0.2582810132063217
 0.0500907441016334 0.1515426497277677 0.04392014519056262 0.249546279491833 0.04047186932849365 0.1531760435571688 0.0499092558983666 0.2613430127041742
 0.067974298275279 0.1278322624281366 0.05884342238755495 0.2695299289820764 0.03449442002029084 0.1197159283057153 0.04633074061548867 0.2752789989854582
 0.0638986249662982 0.1375033701806417 0.05688864923159882 0.2493933674844972 0.038285252089512 0.1356160690212996 0.06228093825829065 0.2561337287678619
 0.05034446210916799 0.1036036036036036 0.04610492845786963 0.3010068892421834 0.03709591944886063 0.09936406995230525 0.0543190249072602 0.3081611022787493
 0.07453703703703704 0.1287037037037037 0.04907407407407408 0.25 0.04861111111111111 0.1273148148148148 0.05324074074074074 0.2685185185185185
 0.04222737819025522 0.1459396751740139 0.045707656612529 0.2675174013921114 0.02853828306264501 0.1324825986078886 0.04872389791183294 0.2888631090487239
 0.06146205183920534 0.184386155517616 0.05137358373428527 0.2112370013968648 0.03818097159708211 0.1718143721868695 0.05727145739562316 0.2242744063324538
 0.06548323471400394 0.167258382642998 0.04418145956607495 0.2248520710059172 0.04102564102564103 0.1534516765285996 0.04812623274161736 0.2556213017751479
 0.06629055007052186 0.1622002820874471 0.06311706629055007 0.2203808180535966 0.03913963328631876 0.1526798307475317 0.06699576868829338 0.2291960507757405
 0.06341463414634146 0.1585365853658537 0.06195121951219512 0.2380487804878049 0.04146341463414634 0.1517073170731707 0.05707317073170732 0.2278048780487805
 0.05120910384068279 0.1555023923444976 0.04538988749515065 0.240075003232898 0.03368679684469158 0.1549204707099444 0.05541187120134489 0.2638044743307901
 0.07039167351410572 0.1424267324020816 0.05341002465078061 0.2360996987126815 0.04163242947137771 0.1361270884689126 0.06436592714324843 0.2555464256368118
 0.0483466362599772 0.1653363740022805 0.05062713797035348 0.245381984036488 0.03329532497149373 0.1562143671607754 0.05017103762827822 0.2506271379703535
 0.06227159771963163 0.154509574623593 0.0526238853968718 0.2381230814208449 0.03756760707498904 0.1476392340301126 0.05657067680163719 0.2506943429323198
 0.05922077922077922 0.1194805194805195 0.0774025974025974 0.2545454545454545 0.0374025974025974 0.1085714285714286 0.06857142857142857 0.2748051948051948
 0.04821150855365474 0.1594090202177294 0.04160186625194402 0.2531104199066874 0.0244945567651633 0.1434681181959565 0.04276827371695179 0.2869362363919129
 0.05009025270758122 0.1572653429602888 0.04512635379061372 0.243456678700361 0.03542418772563177 0.1658393501805054 0.05166967509025271 0.2511281588447654
 0.05030120481927711 0.1391566265060241 0.05195783132530121 0.2581325301204819 0.03780120481927711 0.1381024096385542 0.05391566265060241 0.2706325301204819
 0.05018181818181818 0.1491948051948052 0.04592207792207792 0.2577662337662338 0.03553246753246753 0.1487792207792208 0.04935064935064935 0.2632727272727273
 0.03916786226685796 0.1403156384505022 0.04390243902439024 0.2783357245337159 0.02797704447632712 0.1395982783357245 0.04562410329985653 0.2850789096126256
 0.04632645674990952 0.1568946796959826 0.05103148751357221 0.2356134636264929 0.03022077452044879 0.170104958378574 0.0589938472674629 0.250814332247557
 0.06055261610817166 0.1075837742504409 0.07583774250440917 0.2433862433862434 0.02527924750146972 0.1252204585537919 0.06995884773662552 0.2921810699588477
 0.05103359173126615 0.1459948320413437 0.05297157622739018 0.2454780361757106 0.02777777777777778 0.1524547803617571 0.05684754521963824 0.2674418604651163
 0.06131907308377896 0.1529411764705882 0.0623885918003565 0.2310160427807487 0.03636363636363636 0.1376114081996435 0.07593582887700535 0.2424242424242424
 0.06612090680100756 0.1599496221662469 0.05100755667506297 0.2449622166246851 0.03652392947103274 0.1353904282115869 0.0535264483627204 0.2525188916876575
 0.04840425531914894 0.2056737588652482 0.03882978723404255 0.223936170212766 0.03138297872340425 0.1819148936170213 0.04379432624113475 0.226063829787234
 0.0671514114627887 0.1685201026518392 0.05389221556886228 0.2339606501283148 0.0320786997433704 0.1424294268605646 0.05988023952095808 0.242087254063302
 0.06002728512960437 0.1418826739427012 0.06753069577080491 0.2592087312414734 0.02592087312414734 0.1377899045020464 0.05798090040927694 0.2496589358799454
 0.06875000000000001 0.1683823529411765 0.04742647058823529 0.2492647058823529 0.03897058823529412 0.1400735294117647 0.04669117647058824 0.2404411764705882
 0.05734218138506041 0.1327207759060745 0.05172707163518802 0.2729283648119789 0.03232941977199252 0.124723498383529 0.05036583290794623 0.2778628551982304
 0.06555227794165848 0.1586365126188135 0.05637495902982629 0.2336938708620125 0.03277613897082924 0.1347099311701082 0.05834152736807604 0.2599147820386759
 0.06327876862936721 0.1319325677986807 0.05717077937942829 0.2528707549474713 0.03493769850965062 0.1255802589787442 0.06596628389934034 0.2682628878573174
 0.05575197171607289 0.1346206146314931 0.06608648354636933 0.2477563230894751 0.03290726135436497 0.1351645363067718 0.0677182485722056 0.2599945607832472
 0.07410694475260705 0.1723984912358553 0.05258486798313734 0.2110051031728422 0.04459729309962281 0.1579764810295096 0.05458176170401598 0.2327490570224096
 0.07002749770852429 0.1378551787351054 0.05444546287809349 0.2537121906507791 0.03703024747937672 0.124839596700275 0.05499541704857928 0.2670944087992667
 0.05941033030370206 0.1578363999113279 0.05852360895588561 0.2243405009975615 0.03790733761915318 0.1551762358678785 0.06162713367324318 0.245178452671248
 0.0673992673992674 0.2173992673992674 0.05476190476190476 0.1838827838827839 0.03076923076923077 0.197985347985348 0.05677655677655678 0.191025641025641
 0.06220501028682077 0.1938763161079511 0.0522812537819194 0.2104562507563839 0.02965024809391262 0.1729396103110251 0.04961878252450684 0.2289725281374803
 0.06946688206785137 0.1949664144205425 0.05407703426579372 0.2043193605985885 0.03681659722812686 0.1699685400901284 0.05790323952044894 0.2124819318085197
 0.06656017039403621 0.244408945686901 0.05058572949946752 0.1634717784877529 0.02449414270500532 0.2060702875399361 0.05857294994675186 0.1858359957401491
 0.06426974664679583 0.1878260059612519 0.0548155737704918 0.2053837555886736 0.03194858420268256 0.1798621460506706 0.05826192250372578 0.2176322652757079
 0.06958762886597938 0.1948453608247423 0.06134020618556701 0.1865979381443299 0.02164948453608247 0.1762886597938144 0.07061855670103093 0.2190721649484536
 0.06340579710144928 0.2047101449275362 0.05175983436853002 0.1978334812185744 0.03112984324164448 0.1849674652469684 0.05564182194616978 0.2105516119491275
 0.06125617501764291 0.2172194777699365 0.0529287226534933 0.1925194071983063 0.02611150317572336 0.1888496824276641 0.05575158786167961 0.205363443895554
 0.0665896843725943 0.1893764434180139 0.0550423402617398 0.1789838337182448 0.02886836027713626 0.1970746728252502 0.06543494996150885 0.2186297151655119
 0.05990595727350143 0.1894553667296086 0.05120515383760969 0.2165944685104965 0.03010107741863823 0.1686845125698841 0.05420415417083194 0.2298493094894294
 0.07450503647099688 0.2052796109760333 0.05418548106981591 0.1827023271969434 0.03126085446335533 0.1926015977770059 0.06408475164987842 0.1953803403959708
 0.05915738921632831 0.2069417157825802 0.0504256712508186 0.1975551189696573 0.02706832569308011 0.1975551189696573 0.04802444881030343 0.2132722113075748
 0.06382586238701346 0.2232060505441801 0.0427965320051651 0.1868658919018631 0.03431101272827892 0.202730123593433 0.0488839697472791 0.1973805570927873
 0.05389221556886228 0.2025603964484823 0.05162089613875697 0.2196985339665496 0.01899648977906256 0.1856287425149701 0.05285979764608714 0.214742927937229
 0.06087696892294593 0.2002979991485739 0.04512558535547041 0.2077479778629204 0.02894848871860366 0.1798637718177948 0.05278842060451256 0.2243507875691784
 0.0541924471943674 0.2129293791337743 0.04565820354171111 0.2206101984211649 0.02048218476637508 0.1717516535097077 0.04565820354171111 0.2287177298911884
 0.05759055759055759 0.2293447293447294 0.05514855514855515 0.1798941798941799 0.02849002849002849 0.21001221001221 0.05962555962555963 0.1798941798941799
 0.05278658812868147 0.2161304938830992 0.05210693248753965 0.1973266878115088 0.02741277752605347 0.189170820117807 0.05391934753058451 0.2111463525147259
 0.06847845521187199 0.2267119613802968 0.05739317003397103 0.1848739495798319 0.02771321294475237 0.1871982835687467 0.05614160557840157 0.1914893617021277
 0.05806103159600324 0.1806643262219822 0.05211990278152849 0.2130704833918445 0.02727518228463408 0.1698622738320281 0.05995139076424521 0.2389954091277343
 0.04132231404958678 0.2257969303423849 0.0602125147579693 0.2051357733175915 0.0230224321133412 0.1894923258559622 0.05755608028335301 0.1974616292798111
 0.05476472914195334 0.2281534203242388 0.04527481217872677 0.188216686437327 0.02807433768287861 0.2099644128113879 0.05417160933175168 0.1913799920917359
 0.06350349938246191 0.2073898723754632 0.05012350761630301 0.1983326471799094 0.02820090572251956 0.1832029641827913 0.05506381226842322 0.2141827912721284
 0.05737028301886792 0.2139740566037736 0.05625 0.2033018867924528 0.02983490566037736 0.1792452830188679 0.05235849056603774 0.2076650943396226
 0.06146852455776262 0.2071350924004348 0.0547484929340844 0.2092103962842178 0.02282834272161281 0.1764008301215535 0.0524755410613697 0.2157327799189643
 0.06545820745216516 0.1983887210473313 0.06210137630077207 0.1990600872776099 0.03021148036253777 0.1755622692178583 0.05605908022826452 0.2131587781134609
 0.06048296095689461 0.2179342511096066 0.05453998344993605 0.1844579854058527 0.03219739712630708 0.1961182577296322 0.05995636801324005 0.1943127962085308
 0.05318221447253706 0.2368497529787852 0.05376344086021505 0.1551874455100262 0.02818947980238303 0.2339436210403952 0.06219122348154606 0.1766928218541122
 0.06720611373342324 0.2317374690941785 0.04697684873005169 0.1926275567543268 0.03169251517194875 0.1876826253090582 0.05259608900876601 0.1894807821982468
 0.05263809759722566 0.1877631904879861 0.05177111716621254 0.2280158533564528 0.02452316076294278 0.1620014862521675 0.05424820411196433 0.2390388902650483
 0.05572876071706937 0.2274616783580151 0.0429981813458041 0.1897895557287607 0.02507144712912445 0.2103143673681476 0.05170174071187322 0.1969342686412055
 0.05794147619740865 0.2461784830397438 0.04018052118212258 0.1697481438346193 0.03086329887902169 0.2281263648274858 0.04571262192458873 0.1812490901150095
 0.06818398247785926 0.2185506142272164 0.04666222264546234 0.1922674031044662 0.02475954670983716 0.1911246547947814 0.056280354251976 0.2021712217884011
 0.06133167171087769 0.2245860779775681 0.04379562043795621 0.1880007121239096 0.02714972405198504 0.2012640199394695 0.05118390599964394 0.20268826775859
 0.0729431721798134 0.2374893977947413 0.04353972292903591 0.1704834605597964 0.03760248798416738 0.1931014984450099 0.0551314673452078 0.1897087927622279
 0.07595927956147221 0.197337509788567 0.05142260506395197 0.2051683633516053 0.03497781258157139 0.1678412947011224 0.05533803184547115 0.2119551031062386
 0.06483103879849812 0.192991239048811 0.05206508135168961 0.1899874843554443 0.03404255319148936 0.1882352941176471 0.05807259073842303 0.2197747183979975
 0.07369299221357063 0.2021690767519466 0.05450500556173526 0.2005005561735261 0.02057842046718576 0.1718576195773081 0.06674082313681869 0.2099555061179088
 0.05679906844352439 0.1894164833743046 0.05718721697502911 0.2094708241687152 0.0225126148272739 0.1815241299003752 0.06313882779143486 0.2199508345193427
 0.05819025522041763 0.2151276102088167 0.04802784222737819 0.191368909512761 0.0274245939675174 0.1977726218097448 0.05749419953596287 0.2045939675174014
 0.04538939321548018 0.2214524605828954 0.04945054945054945 0.1975633062589584 0.02221691352126135 0.2044911610129001 0.05183946488294314 0.2075967510750119
 0.05343696866650473 0.2165006882033843 0.04631203951097077 0.2014411788519148 0.02671848433325237 0.194883005424662 0.05165573637762125 0.2090518986316897
 0.05882352941176471 0.1911764705882353 0.0446078431372549 0.2088235294117647 0.02205882352941177 0.1867647058823529 0.06568627450980392 0.2220588235294118
 0.04463313738297409 0.2275201393424777 0.04583061180056608 0.1863705639015894 0.02536468539081211 0.2237099934683213 0.05170912257783584 0.1948617461354235
 0.0597667638483965 0.2320213799805637 0.04446064139941691 0.1676384839650146 0.03352769679300292 0.2247327502429543 0.05223517978620019 0.1856171039844509
 0.05013275027330939 0.2092769014524442 0.04802436357957208 0.2095111666406372 0.024910198344526 0.1913946587537092 0.0506793690457598 0.2160705919100422
 0.05864671698617327 0.2056976821855588 0.05109879099592546 0.2031594415870683 0.02785385077817113 0.1863602965733752 0.05173335114554806 0.2154498697481798
 0.04599696246474289 0.2030809286179215 0.04946843133000651 0.2134953352137123 0.02191364721197657 0.1870253851160772 0.05662833586461272 0.2223909741809503
 0.06113989637305699 0.2096373056994819 0.04849740932642487 0.1911917098445596 0.03067357512953368 0.1923316062176166 0.0566839378238342 0.2098445595854922
 0.05615942028985507 0.1875393824826717 0.0490705734089477 0.2141619407687461 0.03016698172652804 0.1746219281663516 0.05482041587901702 0.2334593572778828
 0.07141713370696558 0.1927942353883106 0.05572457966373098 0.1937550040032026 0.04051240992794235 0.1713370696557246 0.05924739791833467 0.2152121697357886
 0.0576608505997819 0.2367775354416576 0.04770992366412214 0.1615321701199564 0.03898582333696837 0.2310523446019629 0.05657033805888768 0.169711014176663
 0.05690940366972477 0.2067087155963303 0.05590596330275229 0.1875 0.03784403669724771 0.195670871559633 0.05776949541284403 0.2016915137614679
 0.06279675294838413 0.2066166334813907 0.05682340327768418 0.1805789554296217 0.03737172614489202 0.1998774697503446 0.06218410170010721 0.1937509572675754
 0.0598122350090854 0.2133555420956996 0.05390672319806178 0.17595396729255 0.04936402180496668 0.1966989703210176 0.05557238037552998 0.195336159903089
 0.05448187005337751 0.2135100312902632 0.04785569666850727 0.1835081906865452 0.03036996134732192 0.2079882201362047 0.04840787778391312 0.2138781520338671
 0.07145669291338583 0.2110236220472441 0.05964566929133858 0.1909448818897638 0.04094488188976378 0.1807086614173228 0.05649606299212599 0.1887795275590551
 0.064180828246164 0.204916680415773 0.05147665401748886 0.1951823131496453 0.03613265137766045 0.1809932354396964 0.05164164329318594 0.2154759940603861
 0.06734548052876027 0.2057877813504823 0.0534119328331547 0.184172918899607 0.04519471239728474 0.1839942836727403 0.05823508395855663 0.2018578063594141
 0.07260273972602739 0.2295499021526419 0.04814090019569472 0.1604696673189824 0.05088062622309197 0.210371819960861 0.05499021526418787 0.1729941291585127
 0.0640096618357488 0.222463768115942 0.05507246376811594 0.1881642512077295 0.02898550724637681 0.1951690821256039 0.05410628019323672 0.1920289855072464
 0.04664889565879665 0.2301980198019802 0.05483625285605483 0.1896420411271896 0.02303884234577304 0.2143945163747144 0.05255140898705255 0.1886900228484387
 0.06149159426830644 0.2283651133927564 0.05122419045469931 0.172176463951258 0.03091504005415774 0.2120049644589868 0.05630147805483471 0.1875211553650006
 0.0540045766590389 0.2116377901274926 0.04628963713631906 0.2048381824125531 0.02824452435436417 0.1954233409610984 0.04968944099378882 0.2098725073553449
 0.05963740458015267 0.1774809160305343 0.06202290076335878 0.2156488549618321 0.02743320610687023 0.1731870229007633 0.05725190839694656 0.227337786259542
 0.06094316807738815 0.2365175332527207 0.05707376058041112 0.1760580411124547 0.02732769044740024 0.1920193470374849 0.06432889963724304 0.1857315598548972
 0.07076222980659841 0.216382252559727 0.04505119453924915 0.1922639362912401 0.03299203640500569 0.1811149032992036 0.05324232081911263 0.2081911262798635
 0.05225464190981433 0.2312997347480106 0.06472148541114059 0.1888594164456233 0.02015915119363395 0.2050397877984085 0.05490716180371353 0.1827586206896552
 0.06207719856744926 0.2185435734182252 0.05292479108635097 0.1830481496219658 0.02912853163549542 0.1934739355352169 0.06152009550338241 0.199283724631914
 0.0649671052631579 0.2183388157894737 0.05098684210526316 0.184827302631579 0.03330592105263158 0.1942845394736842 0.05633223684210526 0.1969572368421053
 0.06023067065356685 0.2199914566424605 0.05083297736010252 0.1832550192225545 0.02392140111063648 0.1994873985476292 0.06279367791542076 0.1994873985476292
 0.05893870174205532 0.2305838646518399 0.04914905366735278 0.184547417039008 0.02244088558662584 0.2104523319443747 0.05331592951453386 0.1905718158542095
 0.06172270842929525 0.2224781206817135 0.04514048825426071 0.1805619530170428 0.0297098111469369 0.2139567019806541 0.05343159834177798 0.1929986181483188
 0.05399898115129903 0.2422312786551197 0.04992358634742741 0.1670911869587366 0.03056546102903719 0.227712684666327 0.04610290371879776 0.1823739174732552
 0.06730083234244946 0.235077288941736 0.04209274673008324 0.1825208085612366 0.02651605231866825 0.2086801426872771 0.0455410225921522 0.1922711058263971
 0.07048967210746786 0.1902354470605229 0.04282825364726275 0.2109634551495017 0.02953921710241225 0.1807742308247869 0.05525061389570995 0.2199191102123357
 0.07532397408207343 0.2230021598272138 0.05669546436285097 0.1808855291576674 0.02213822894168466 0.1827753779697624 0.06344492440604751 0.1957343412526998
 0.07533414337788578 0.1886391251518834 0.05224787363304982 0.2217496962332928 0.0318955042527339 0.1394289185905225 0.06196840826245444 0.2287363304981774
 0.07124657922053411 0.2192129848070209 0.04501273945456261 0.1832594130414268 0.02934792865905445 0.198263659526281 0.0536944418231575 0.1999622534679626
 0.06534199465036301 0.219335116545663 0.04852884982804738 0.1887657623232709 0.03095147115017195 0.1891478792510508 0.05502483760030569 0.2029040886511272
 0.06143211164731968 0.163036389722186 0.06234511542976393 0.2367288378766141 0.03052041215599322 0.1374722838137472 0.05699752184687622 0.2514673275074997
 0.05462134764460346 0.1772212283840191 0.05837805605247465 0.2140727489564699 0.03017292784734645 0.1639236732259988 0.06171735241502684 0.2398926654740608
 0.05357385053573851 0.1646548216465482 0.06137257561372576 0.2212803472128035 0.0302454903024549 0.1550250915502509 0.06313576563135766 0.2507120575071206
 0.06377204884667571 0.195838986883763 0.06482737826021408 0.1858887381275441 0.0370872908186341 0.1851349314035881 0.06829488919041157 0.1991557364691693
 0.06525911708253358 0.1965451055662188 0.06026871401151632 0.1967370441458733 0.03397312859884837 0.1633397312859885 0.06429942418426103 0.2195777351247601
 0.06649395509499137 0.1800518134715026 0.06088082901554404 0.185880829015544 0.02892918825561313 0.177461139896373 0.06627806563039723 0.2340241796200346
 0.06257822277847309 0.1644913284462721 0.06347219738959413 0.2284999106025389 0.02950116216699446 0.1416055784015734 0.06365099231181834 0.2462006079027356
 0.05272108843537415 0.182591218305504 0.06910946196660482 0.2264996907854051 0.02133580705009277 0.1454854669140384 0.06601731601731602 0.2362399505256648
 0.06588579795021962 0.205140719049943 0.07255571823653816 0.1848055962258012 0.03481373027493086 0.1778103139742964 0.06686188384577843 0.1921262404424923
 0.05738054607508532 0.1887798634812287 0.07231228668941979 0.212457337883959 0.02773037542662116 0.1516638225255973 0.0703924914675768 0.2192832764505119
 0.05691946833463644 0.2026583268178264 0.06114151681000782 0.1795152462861611 0.02986708365910868 0.1903049257232213 0.06598905394839719 0.2136043784206411
 0.06070856329001247 0.2022431903151148 0.06088659426740253 0.1910272387395407 0.02884101833719067 0.1773188534805056 0.07014420509168595 0.2088303364785473
 0.0633191803581318 0.1899575410743954 0.05944249584640945 0.2069411113162267 0.0289828318257338 0.1685434742477386 0.06073472401698357 0.2220786413143807
 0.06734588154032119 0.1740632015195994 0.05957520290105336 0.2146434121913314 0.02503885339319634 0.1457433949231566 0.06423761008461405 0.2493524434467277
 0.06290054592926655 0.1915499643959174 0.06147638262520769 0.1808687396154759 0.0296700688345597 0.184903868976976 0.07429385236173748 0.2143365772608593
 0.0628244138177913 0.1882942545194201 0.06568820476105244 0.1911580454626812 0.02559513155539645 0.1671737963128692 0.07338464292106676 0.2258815106497226
 0.06581706726891434 0.1761574447491531 0.06194547507662526 0.2043878044845943 0.02919825778351347 0.1571221164703984 0.06581706726891434 0.2395547668978868
 0.06772844272844272 0.1843629343629344 0.05984555984555984 0.2059202059202059 0.03120978120978121 0.157014157014157 0.06788931788931789 0.226029601029601
 0.05758683729433273 0.1928702010968922 0.0583180987202925 0.2003656307129799 0.03107861060329068 0.1691042047531993 0.06617915904936014 0.2244972577696527
 0.06046284224250326 0.181877444589309 0.06714471968709257 0.2157757496740547 0.02819426336375489 0.151238591916558 0.06877444589308997 0.2265319426336375
 0.05728067530901417 0.169128730780826 0.06858607175158275 0.22143503165511 0.0309014169430208 0.1489297558034368 0.06481760627072657 0.2389207114862828
 0.05746176105828855 0.1988424968995453 0.0622846906435166 0.2138624776078269 0.02935097147581645 0.155160534656194 0.06090671076202287 0.2221303568967893
 0.06039956636208766 0.1889422332352486 0.06411646275360075 0.1991636983119096 0.03329719684063807 0.1675700789840483 0.07062103143874865 0.2158897320737184
 0.0665831113896287 0.1618361272129093 0.05608647971173429 0.2252859157136143 0.03399655334482218 0.14209619301269 0.06470311765627448 0.2494125019583268
 0.05757874015748032 0.1961942257217848 0.0666010498687664 0.2121062992125984 0.03231627296587927 0.161745406824147 0.06299212598425197 0.2104658792650919
 0.06315278115132378 0.1714840903570561 0.07141122176341996 0.2161768277872237 0.02356084527568618 0.1481661403934904 0.06971095457857664 0.2363371386932232
 0.06014170374031966 0.1779535343549184 0.07299390344373044 0.2179930795847751 0.02998846597462514 0.143351458230351 0.07678365463832591 0.2207942000329544
 0.06593813669198 0.196703093165401 0.06001111316910539 0.1946656788294129 0.0324134098907205 0.1700314873124653 0.07279125764030377 0.2074458233006112
 0.06 0.1838461538461539 0.07276923076923077 0.2036923076923077 0.03661538461538461 0.1563076923076923 0.07523076923076923 0.2115384615384615
 0.06657769869513641 0.1841637010676156 0.06717081850533808 0.2037366548042705 0.03039739027283511 0.1691874258600237 0.07206405693950178 0.2067022538552788
 0.06983240223463687 0.2071029529130088 0.05586592178770949 0.194732641660016 0.02873104549082203 0.1763766959297686 0.06983240223463687 0.1975259377494014
 0.06569717707442259 0.1584260051325919 0.06278870829769033 0.2364414029084688 0.03045337895637297 0.1397775876817793 0.0602224123182207 0.2461933276304534
 0.07380809894274885 0.1771394374625972 0.07241172950329144 0.194294833433074 0.03630560542589268 0.1643726311589866 0.07560343107919409 0.206064232994215
 0.0714416559809489 0.1798864260853636 0.05367283385235391 0.2128594980765708 0.04341454478842278 0.1591866642242169 0.06448067411613849 0.2150577028759846
 0.0684309426871281 0.1612903225806452 0.05919198246163482 0.22831193235202 0.03163169433134982 0.1482931412464767 0.06874412777951769 0.2341058565612277
 0.06059891535015326 0.1985380806413582 0.07451072860174487 0.1872199952841311 0.0323037019570856 0.1770808771516152 0.07710445649610941 0.1926432445178024
 0.06806282722513089 0.1395558765120058 0.06661852319913342 0.2523921285430583 0.0328579165914425 0.1209604621772883 0.06084130709514353 0.2587109586567973
 0.06950000000000001 0.188 0.06033333333333334 0.1935 0.03666666666666667 0.1778333333333333 0.07066666666666667 0.2035
 0.07389749702026222 0.1869572620466542 0.07542993359441512 0.1891707815426528 0.04120551677166695 0.1597139451728248 0.07577047505533799 0.1978545887961859
 0.07611637347767253 0.1995940460081191 0.07577807848443843 0.1672868741542625 0.03958051420838971 0.1804803788903924 0.07848443843031123 0.1826792963464141
 0.05128733264675592 0.1872296601441813 0.06446961894953657 0.2249227600411947 0.01709577754891864 0.160659114315139 0.0650875386199794 0.2292481977342945
 0.06503650874511802 0.1713363898794362 0.06826286296484972 0.2217694005773476 0.0315843097300051 0.1280353200883002 0.06486670062829003 0.2491085073866531
 0.06223678053345812 0.1729839338636718 0.05459366713461238 0.2413040087349868 0.02979254406488847 0.1350803306816409 0.05677741381999688 0.2472313211667446
 0.05631345177664974 0.1789340101522843 0.06519670050761421 0.2274746192893401 0.02649111675126904 0.1532360406091371 0.06186548223350254 0.230488578680203
 0.05473257445813192 0.1682519881490722 0.06736316856385467 0.2192421643536566 0.02900358646499298 0.1571807266489942 0.06533603617651645 0.2388897551847809
 0.06878747501665557 0.1737175216522318 0.06229180546302465 0.2150233177881412 0.03281145902731512 0.1497335109926715 0.06229180546302465 0.2353431045969354
 0.06113810942153942 0.1678946543345352 0.05815958614202853 0.2221351308982599 0.02947170402884465 0.1575482050478131 0.06192193133720019 0.241730678789779
 0.0627038782167452 0.1881116346502356 0.06650960492932222 0.2181949981877492 0.03280173976078289 0.1466110909749909 0.05980427691192461 0.2252627763682494
 0.06056782334384858 0.1662460567823344 0.06498422712933755 0.232018927444795 0.02839116719242902 0.1400630914826498 0.05899053627760252 0.2487381703470032
 0.06305903398926654 0.172927847346452 0.06887298747763863 0.2200357781753131 0.02415026833631485 0.1495229576624925 0.06872391174716756 0.2327072152653548
 0.06440443213296398 0.1876731301939058 0.05869113573407202 0.1873268698060942 0.02908587257617729 0.1807479224376731 0.06717451523545706 0.2248961218836565
 0.06791171477079797 0.2033578570081117 0.062629692510847 0.1886436521411055 0.03188077721184682 0.1690247123184305 0.06828900207508018 0.2082625919637804
 0.06570376663834608 0.1778532993486265 0.06570376663834608 0.2084395355423393 0.02435570659869725 0.1500991220617389 0.0713678844519966 0.2364769187199094
 0.06258322237017311 0.1757656458055925 0.06274966711051931 0.2255326231691079 0.02779627163781625 0.1478029294274301 0.06491344873501997 0.2328561917443409
 0.06496432594817875 0.1864438603079234 0.0681562147953436 0.1943297033420954 0.02985354862936538 0.1616597822005257 0.0732256853173113 0.2213668794592565
 0.06773957571324067 0.1771762984637893 0.05998536942209217 0.2111192392099488 0.0359912216532553 0.1511338697878566 0.06320409656181419 0.2336503291880029
 0.05955895120680674 0.1791977773919083 0.06216357006424727 0.1913526653932975 0.02604618857440528 0.171210279562424 0.07223476297968397 0.2382358048272269
 0.06793174932227715 0.1736565141125817 0.06091532450964758 0.2120873863817573 0.03747408706745336 0.1505342050709616 0.06314782331366608 0.2342529102216552
 0.0750278175170879 0.1680178032109363 0.06978222858051185 0.2184072484501669 0.03544746463201399 0.1357494833889684 0.0718486727070418 0.2257192815132729
 0.07892307692307693 0.2009230769230769 0.06338461538461539 0.1816923076923077 0.0363076923076923 0.1635384615384615 0.07215384615384615 0.2030769230769231
 0.0627435697583788 0.1587425305274097 0.0627435697583788 0.2443491816056118 0.02883865939204988 0.1273057937126526 0.062094050402702 0.2531826448428163
 0.06209150326797386 0.1843137254901961 0.05915032679738562 0.2102941176470588 0.03300653594771242 0.1584967320261438 0.06748366013071895 0.2251633986928105
 0.06097560975609756 0.148780487804878 0.06737804878048781 0.2612804878048781 0.02926829268292683 0.1083841463414634 0.06082317073170732 0.263109756097561
 0.05743589743589744 0.1865201465201465 0.06593406593406594 0.2071794871794872 0.03076923076923077 0.1616117216117216 0.06315018315018316 0.2273992673992674
 0.05799045915324985 0.1599582587954681 0.07036374478234943 0.2192903995229577 0.0251937984496124 0.1451997614788312 0.07394156231365534 0.248062015503876
 0.06162089752176825 0.1795043536503684 0.06262558606831882 0.217012726054923 0.03348961821835231 0.1483590087073007 0.06028131279303416 0.2371064969859344
 0.06256756756756757 0.1604054054054054 0.06716216216216216 0.2314864864864865 0.03013513513513514 0.1302702702702703 0.06567567567567567 0.2522972972972973
 0.06356245380635625 0.1614190687361419 0.06518847006651884 0.2235033259423503 0.03237250554323725 0.1463414634146341 0.06681448632668145 0.2407982261640798
 0.06188340807174888 0.1711509715994021 0.06621823617339312 0.2171898355754858 0.03139013452914798 0.1506726457399103 0.07234678624813154 0.2291479820627803
 0.0598503740648379 0.1649822811392571 0.07087544297151857 0.2187951174694842 0.03412521328258301 0.1476571728573303 0.06733167082294264 0.2363827273920462
 0.07168246445497631 0.1834518167456556 0.06615323854660347 0.2079383886255924 0.03751974723538705 0.1575829383886256 0.06240126382306477 0.2132701421800948
 0.06969909027291812 0.1986004198740378 0.06060181945416375 0.1977606717984605 0.03554933519944017 0.1703289013296011 0.06871938418474458 0.198740377886634
 0.08089637635092181 0.1600445009535919 0.05975842339478703 0.2145581691036237 0.04164017800381437 0.1374761602034329 0.06261919898283534 0.243006993006993
 0.08287452912199363 0.1667632570269487 0.06461895102868734 0.2177629672558679 0.044045204288612 0.1347435525934512 0.066067806432918 0.2231237322515213
 0.07554129911788292 0.1727345629510826 0.06319165998396151 0.2051323175621492 0.04041700080192462 0.1597433841218925 0.06864474739374499 0.2145950280673617
 0.07566393853348923 0.1755470185401704 0.06681142475363287 0.1997661600133623 0.03657925505261399 0.1568398196091532 0.07700016702856188 0.2117922164690162
 0.06268453327276857 0.1810129457188281 0.08312514194867136 0.1932773109243698 0.02634567340449693 0.1689756983874631 0.0794912559618442 0.205087440381558
 0.07291666666666667 0.1807909604519774 0.07379943502824859 0.1889124293785311 0.03407485875706215 0.1588983050847458 0.07733050847457627 0.2132768361581921
 0.08542383997376619 0.1700278734218724 0.06804394162977537 0.1947860304968028 0.04951631414986063 0.147401213313658 0.06902770946056731 0.2157730775536973
 0.08752285191956125 0.1841864716636197 0.08295246800731261 0.1670475319926874 0.04890310786106033 0.1688756855575868 0.08478062157221207 0.1757312614259598
 0.0581636385806609 0.1954639678088038 0.0610901109620778 0.2011949762224119 0.03097183270332886 0.158273381294964 0.05645652969150104 0.2383855627362517
 0.05564387917329094 0.1877438936262466 0.05521029050440815 0.222720046249458 0.02688249747073276 0.1503107385460327 0.04740569446451799 0.2540829599653129
 0.05636221701795472 0.1695550351288056 0.06026541764246682 0.2449648711943794 0.02560499609679938 0.1102263856362217 0.05995316159250585 0.2730679156908665
 0.05504724763761812 0.176391180440978 0.06104694765261737 0.2311384430778461 0.02549872506374681 0.1391930403479826 0.05879706014699265 0.2528873556322184
 0.04886586390366844 0.1853822458695043 0.05404648557826939 0.2285074208905069 0.02674320918510221 0.1510781293755251 0.05446653598431812 0.2509101092131056
 0.05483518200281206 0.192782377753476 0.05905327292610529 0.2063740040618653 0.02218403374472739 0.1520074988283081 0.05686611466958288 0.2558975160131229
 0.05127944760357433 0.1724207961007311 0.05077173030056864 0.2239033306255077 0.02579203899268887 0.160540211210398 0.0522948822095857 0.2629975629569456
 0.06483644859813084 0.1731892523364486 0.0540303738317757 0.2222546728971962 0.02511682242990654 0.1410630841121495 0.05899532710280374 0.2605140186915888
 0.05347196435202377 0.2161158559227627 0.04363163757890828 0.1943928704047531 0.02655031563312291 0.1852952098031935 0.05142963238024508 0.2291125139249907
 0.05197505197505198 0.2188149688149688 0.0446985446985447 0.2130977130977131 0.01559251559251559 0.1704781704781705 0.0420997920997921 0.2432432432432433
 0.06482873851294904 0.2086883876357561 0.05898078529657477 0.1893065998329156 0.03826232247284879 0.1674185463659148 0.05664160401002506 0.2158730158730159
 0.04498316498316499 0.202020202020202 0.04956228956228956 0.2184511784511785 0.02572390572390573 0.1589225589225589 0.05171717171717172 0.2486195286195286
 0.06219151036525173 0.1984205330700888 0.05246086588633479 0.1981384854040333 0.0346918629248343 0.1673952898039769 0.05076857989000141 0.2359328726554788
 0.05986735974188923 0.1946585409571608 0.05108442373185158 0.199318874350242 0.03638644918444166 0.1656210790464241 0.05646173149309913 0.2366015414948916
 0.06410592553749345 0.2062139486103828 0.05230728893550079 0.205558468799161 0.03408495018353435 0.1497115888830624 0.0508652333508128 0.2371525957000524
 0.06423401688781664 0.1949638118214717 0.05639324487334137 0.2070265379975875 0.03422798552472859 0.1501809408926417 0.05579010856453558 0.237183353437877
