# Created by Octave 3.2.4, Mon Nov 19 10:40:06 2012 CST <zac1164@zac1164-VirtualBox>
# name: data_curv
# type: matrix
# rows: 2080
# columns: 1
 15.53093406442026
 16.3096680194035
 17.39419328240876
 16.1730316310968
 16.70762217302623
 14.96291929092029
 15.15176072164158
 15.17832169712283
 15.58274516345577
 16.33728620161154
 15.84409134714303
 17.75123543600869
 15.67990611549723
 14.73515453915491
 14.8757485181242
 14.83691008650423
 16.36047548885053
 15.17048431157588
 15.62473322378002
 15.92893731013826
 16.00545997608019
 15.05261620895013
 15.47553807100413
 18.15644226580146
 19.18240715344733
 15.52063852628453
 14.74692839528965
 15.57765952454746
 16.36388180548086
 16.04526679661339
 13.39650070572181
 16.81172761212708
 16.79942163464082
 17.17290255946992
 16.64977495619527
 14.21547789389533
 15.77790588688034
 17.32384157243384
 16.78775676592589
 16.32147560741803
 16.92850285373918
 15.31528334769394
 16.41111817473439
 15.42922551104964
 15.50561028247662
 18.16989488213108
 17.21050771683419
 16.4599746741096
 17.68821850682151
 14.85984709474455
 15.21800289941283
 17.36095198761083
 14.96766232238891
 16.84038937380572
 14.72346464547043
 15.98216621290505
 15.65596105868653
 15.47785440127566
 15.92427057981767
 16.93182640214732
 14.79688100744188
 15.70766673809965
 15.77156074137582
 15.42207305086086
 15.42946089138074
 16.66753864920379
 18.64789306569471
 15.65195417949525
 18.04253432803117
 15.55114226923455
 15.2971413106354
 15.08806024810844
 15.14945953955508
 16.37066535996743
 16.09285651761373
 17.10495710984357
 16.667360175224
 16.19400394630013
 16.05359700046724
 15.92422394104852
 14.67772474639974
 15.55433669231557
 14.61141047896636
 16.1966051787842
 15.24180547443274
 15.1098942307092
 15.21322554271347
 15.50913187036429
 14.27450807333191
 15.05367220977206
 14.93878904272084
 15.09331536481561
 15.75668818002996
 15.04267919039778
 16.02270055316885
 15.76631774232878
 15.59254835390369
 15.38544725872749
 15.53300894757538
 15.05345099852634
 14.98443056949051
 15.78714817293964
 15.60407010453847
 15.51017584627106
 15.17144505471695
 15.5549578158972
 15.15759041204151
 15.39377626283901
 15.80256893312355
 15.74693421028415
 16.64954863785302
 16.71943355777411
 15.9071123837514
 16.42937378981166
 16.63135868392133
 15.78581195754906
 15.66069985038789
 14.52334484610721
 15.37639954205036
 16.03205807958105
 17.11215201271557
 16.5777598946893
 16.78141977496994
 15.92108599111538
 15.89964424503941
 15.95873346922244
 15.74583151756356
 15.80149797941402
 15.64323357689236
 15.49003018176383
 14.793307503315
 16.38182790437879
 16.32373444936173
 16.61990360028587
 16.19133261407002
 16.08283357034717
 16.32860057109194
 15.80955871365239
 15.21845248107513
 16.36522747763157
 15.51413667493804
 15.9948436351477
 16.32755113804843
 15.42317959236441
 15.22776656192383
 15.61701265692683
 15.45527271808774
 15.38665832576602
 15.24405707797383
 15.7180229704016
 16.42894717659975
 16.57942547361545
 16.09235869288939
 17.61294418598673
 16.47637988468907
 15.56415985776435
 15.92123345388211
 14.84865814306543
 15.32809817410746
 14.65375594150959
 15.69261905268467
 15.63654793983571
 15.45697764091931
 15.01340322152507
 15.16009565842614
 15.72800822535882
 14.64441653773016
 15.10687062010107
 13.96502433634479
 15.04511835405325
 15.41025027494183
 15.19915559925681
 15.23478391477404
 14.94534327340828
 15.0018232929597
 14.36158880756984
 14.99888683974955
 15.05696304504573
 14.14660240350532
 14.65120290086304
 14.34782861949631
 14.62012519975617
 14.47835214130897
 15.0721451822706
 14.54545571515737
 14.52632229134399
 14.03543456485911
 15.02107615748077
 14.17423559626582
 13.88590862839788
 14.84862309423024
 15.80873767223893
 13.99897241776566
 14.60273321220936
 14.26194061830846
 14.65069460863815
 14.8456662693111
 13.89163562973816
 13.88398854215966
 13.84654971846029
 15.16567126686336
 15.51852895926929
 15.55403594676484
 15.07991681927791
 12.47276765949153
 15.55539421247238
 15.16961826595266
 14.87244255827394
 15.1430490325993
 15.06043048350632
 14.24652074636327
 14.69268927112928
 15.55921832655005
 15.42628317619493
 14.35319812006128
 14.88456155534205
 15.49313154321344
 15.0524844695631
 14.14329682377527
 13.7002782135207
 14.24783612462586
 15.60272276983268
 14.38941855196039
 15.31645947740443
 15.09930764714044
 14.8790369573256
 14.71478683874722
 14.51881893606996
 14.95617125675965
 14.35698881799743
 14.78595009888762
 14.29585410242977
 14.98599406359831
 14.1852753753084
 15.01105573559612
 14.6528470848473
 14.07936534920708
 14.15063547973624
 13.51038188912228
 12.36444366670047
 14.27636550295022
 14.80133141514386
 14.86179259418345
 14.33738946861862
 14.96915674493852
 15.23439249165567
 15.01808549385337
 13.91603638133147
 15.4462853913219
 15.14409109790636
 15.3143719855232
 15.8890651199168
 15.80110701780487
 15.78459667556476
 15.50490183439893
 15.38526679255836
 15.3381458851782
 15.93571970693005
 15.37504993987018
 15.14122255508329
 15.6257096275644
 14.85579509504087
 15.41285592343126
 14.87989734067534
 14.93852467018692
 14.97997193400049
 14.57611620080285
 15.45542338074621
 14.68639659083681
 14.85388432120471
 15.53459631920951
 15.56267269743582
 15.63638089118434
 15.17359319727404
 15.79037149498958
 16.24173814411075
 16.35867303671912
 16.96852704158728
 16.63743289278898
 16.11501032309631
 14.85081386763691
 14.93234462684256
 15.56102219939275
 14.85194285442243
 14.71512011818183
 14.74636581031701
 14.73846490823124
 15.16178802085707
 14.8296461444824
 15.24185803011669
 15.86233085822574
 15.70885160235087
 15.35264730697111
 16.20217289659155
 16.37278584784878
 14.75814961334309
 15.92939844278369
 15.1747073580962
 16.08252814706683
 15.14693106408579
 15.53086413298179
 15.91970667497135
 15.82160135096473
 16.05696060238982
 16.03610413618966
 16.1980770592818
 15.45431788771902
 14.91619502629686
 16.60263527940437
 16.73941130210677
 15.2557051022436
 15.55391763198543
 16.26560543644717
 17.38765427012421
 15.34263659243406
 15.41461392055004
 16.43281115282808
 14.72235572141715
 15.06409135383118
 15.14981214752214
 18.7561751573447
 19.63353619094968
 18.50614618600887
 17.28882664169564
 17.13695295799169
 17.40582554350394
 18.4868805537732
 15.87795555527432
 16.15808732538571
 18.25601845167187
 17.88479201829194
 15.61797173889064
 19.07893655132925
 18.08631061724451
 17.99790378660594
 19.4343850126445
 17.13294717675702
 13.02906105357257
 17.54086909456069
 18.13191736756702
 18.47801474705762
 18.19864788052812
 19.6676846065443
 18.6549298639106
 18.3532262896207
 17.54777094862613
 17.4941059928701
 17.51987156841635
 18.02172927299597
 17.30732484110632
 18.74266136882178
 18.48338217148024
 18.04866722075246
 18.75701700293976
 17.29731619360237
 17.12423822056825
 18.40289237695218
 18.4177166519231
 18.10575362125264
 17.25150315859288
 18.62319337219193
 17.4511016979744
 17.55929248253547
 18.51674852090239
 19.38794796540959
 17.90148925216546
 18.19049640643671
 17.01274690252894
 16.78521024039062
 17.90103181262538
 21.45259993913406
 19.75002821984305
 19.5760324881048
 16.96549045251359
 17.48011814191826
 16.69304798623189
 18.59592804564592
 17.55626725586806
 19.12311203819001
 17.16305345598278
 18.83066225863846
 21.70544586490394
 20.58108688367376
 20.27829991687799
 17.37887330207836
 19.21735224246197
 19.46167313688246
 18.89966927243422
 17.98369636992495
 19.4514822787783
 18.05943491160065
 17.27877938758874
 17.51273106998678
 17.01145711768066
 17.61087633958369
 18.79503347569974
 16.74773759750736
 18.10837164944933
 16.33317564087266
 17.7284011923951
 12.82422514620067
 12.2235777363081
 12.2580194342764
 12.40028377189468
 12.42002372198187
 12.60768822682075
 12.05429919893759
 12.11240610343932
 12.37185168379531
 12.96205063501628
 12.62539586756125
 13.08202519061849
 12.78651907651667
 13.31079314002261
 12.46914346055398
 12.72884146166479
