# Created by Octave 3.2.4, Mon Nov 19 10:43:28 2012 CST <zac1164@zac1164-VirtualBox>
# name: data_entropy
# type: matrix
# rows: 2080
# columns: 1
 0.2058763915353809
 0.2068512651928813
 0.2304473715400928
 0.2035249485579919
 0.2365279255211142
 0.2017855809070586
 0.2095917214214903
 0.2309600076135289
 0.2022586528905737
 0.2250093587522127
 0.2012690750826023
 0.2169803683630391
 0.2215919839271747
 0.2208490548094281
 0.1745475684502886
 0.2468174896272481
 0.1845741834968517
 0.1986217022676794
 0.1841258103986122
 0.2806864818391693
 0.2790624626724592
 0.2311986081530184
 0.3512972865646715
 0.2394066064845731
 0.2389548529999016
 0.4035566441770146
 0.2979483105028584
 0.2772301744765542
 0.2737487668902463
 0.2316684087558648
 0.1617226890207606
 0.1688340704295442
 0.2140881999975778
 0.205880337084061
 0.2554473277248949
 0.1791214672294513
 0.209894473203261
 0.3365867925361389
 0.1573355637420478
 0.268737817844382
 0.2915768631693075
 0.2641381758070486
 0.2785814181181817
 0.2800106665190054
 0.2831776181046401
 0.2654712101957301
 0.3343428705704331
 0.2932674243248283
 0.2688353210587136
 0.2700336603554047
 0.2216725287098255
 0.2125291242744205
 0.23433490284322
 0.2103541835606438
 0.2385138170175257
 0.2572825086285404
 0.2201291737787539
 0.2939839556725249
 0.2010290047243464
 0.196401559189249
 0.2640266476071356
 0.2062454089249981
 0.2481889140940677
 0.2218811569138315
 0.2070888803447925
 0.2385704939855388
 0.2146650891833163
 0.3062647585186273
 0.2652606063594142
 0.2535491671739269
 0.2465529563943002
 0.2501505556302355
 0.2593034452121825
 0.2451102437910944
 0.2693112610624975
 0.3752865210524577
 0.2877327465860494
 0.3076023003064942
 0.41769492811006
 0.3565791407431959
 0.2420157792611158
 0.2601488694684825
 0.2711835434122701
 0.1506072728110493
 0.2775628919430816
 0.1888590780007292
 0.3059953346156828
 0.245607609997823
 0.1929214857680902
 0.3174039716960306
 0.2405782335692815
 0.2382283676009427
 0.2142513120532417
 0.244739510735202
 0.2298324629858676
 0.2466890373352163
 0.2445996708765367
 0.2249432452642184
 0.2418084268699987
 0.2173325937629201
 0.2128366115321196
 0.2050693370116451
 0.2618225359151128
 0.2758341004751704
 0.2685623681080119
 0.1936848140829497
 0.2754025458544327
 0.2023095996154782
 0.2095695692394397
 0.2248033646325308
 0.2266251468843655
 0.2539389238745894
 0.2948386002925776
 0.2427320623016669
 0.2177034373313167
 0.2153374229619935
 0.2188488302159891
 0.2369298356001056
 0.2274732716430188
 0.3144751123390403
 0.243959752408566
 0.2848722763449107
 0.2007739870265973
 0.264476977724404
 0.2341033315211428
 0.2327470634017021
 0.2906343367548558
 0.1976241693092826
 0.2361407715417926
 0.23704059887976
 0.3753042765216116
 0.4256702067237483
 0.4186134647657377
 0.4053632152994551
 0.3700233210398028
 0.3473879592792911
 0.3343076528074895
 0.39241332905542
 0.3478566890653945
 0.354886691382788
 0.2287994601258533
 0.2360091783820065
 0.2603937387383783
 0.24029361894322
 0.2567816733821499
 0.2699322019603644
 0.2847560926002106
 0.2360653909487118
 0.2875218471895
 0.2520586717846464
 0.1948543656754986
 0.2807188514571977
 0.2231326562356464
 0.1950082470709411
 0.2425561059483701
 0.2890211491722092
 0.2434399120289767
 0.21907720150455
 0.2689180783387989
 0.2187457955807196
 0.3190188670963832
 0.3812781911568705
 0.3402132596475185
 0.3345092640785795
 0.3251059810177476
 0.3354758797073522
 0.3443189781759238
 0.3440511095663179
 0.3868548374347611
 0.3245095085559442
 0.3822168563224287
 0.3440780238011661
 0.3624765799965518
 0.4214256857741614
 0.4021791902022728
 0.4287502604448986
 0.3882345820821638
 0.3947942775625798
 0.3680404169872392
 0.4343127017243976
 0.7257677293627652
 0.8102904090215144
 0.7629718119109684
 0.7592328907392727
 0.7221688749120138
 0.6950047455500774
 0.8761275821897134
 0.7484669754995784
 0.7925108863162438
 0.7601708657953378
 0.3272006499839407
 0.380011356014491
 0.3673792584416214
 0.4122957653115183
 0.4180180300637478
 0.3943959209287632
 0.3695101989312415
 0.4024865114594678
 0.3869381344911005
 0.3624204852871538
 0.4195895393174419
 0.5081111918735065
 0.4312061456504588
 0.4322749431392172
 0.4728707758549992
 0.4886659137684908
 0.4343002620015199
 0.5123793131921043
 0.45092418014456
 0.4670091151592836
 0.4290245890155042
 0.4200055127198791
 0.4796073729360525
 0.4143077775783502
 0.460260994161157
 0.4153217911993107
 0.4120727572962258
 0.443322469021265
 0.4396555950478724
 0.4132402767300977
 0.7691861046650156
 0.7802569007088364
 0.6940715671593152
 0.6871282253077249
 0.7245096621859816
 0.7475813044849289
 0.8180253603355737
 0.6831841930522019
 0.7799039174519614
 0.7300426121160021
 0.3848044653018627
 0.4466920417998282
 0.4036961603139029
 0.4607726475128703
 0.3860262435582964
 0.4220782018995594
 0.4643825988123142
 0.4069705069138952
 0.4191701979890519
 0.4273460658632161
 0.453202575445394
 0.4055667937634398
 0.3931050317531004
 0.3650481395336684
 0.337671972043452
 0.3466936295193999
 0.293969569831657
 0.2796495507888387
 0.3152913267993571
 0.2873847171791618
 0.4716515871192257
 0.5116589837885029
 0.5373567915716677
 0.4603908445110095
 0.5429509679478008
 0.525034431557537
 0.4957420618426124
 0.5036878653347933
 0.4470439852030521
 0.5209852260444495
 0.644183659694359
 0.627555858225445
 0.7247972613971951
 0.7221346379956143
 0.6960190978517831
 0.6121886420269639
 0.6154674209233627
 0.6349990810121526
 0.6863374029924036
 0.6379557854624782
 0.4080594909452755
 0.5178470970294797
 0.5385757242949289
 0.4815435316866671
 0.4145355537173595
 0.303849363544794
 0.2784935457428379
 0.418847435357545
 0.3922038269587163
 0.3759568698380127
 0.5500708995963195
 0.4148558926342638
 0.3936280163646416
 0.4143859199932002
 0.4116938320136713
 0.4223901074940967
 0.4017176343266404
 0.3927037176251639
 0.4436951278770663
 0.4271045517459527
 0.5598027021220361
 0.5802894605461909
 0.5485814111704029
 0.5716881170269638
 0.5276448000860647
 0.5172120474426471
 0.5336436969461174
 0.4872406200732549
 0.5602464566581645
 0.5455452592150184
 0.4087235926196897
 0.4226671523268045
 0.3340654572404479
 0.4426557376437586
 0.3955384790810509
 0.3061097449235223
 0.3186686713061228
 0.2868974691512701
 0.2831582426390267
 0.3015915289914398
 0.2949945775003862
 0.3236658635873044
 0.3767203422468859
 0.320063519150694
 0.2952265073773152
 0.3432132953485298
 0.3464789555256333
 0.3711227001190263
 0.3503969989038184
 0.3401343969754045
 0.5287192367411574
 0.5009951291001
 0.505766732238381
 0.5310399258179908
 0.5020404999315975
 0.5326296784962599
 0.5338666496672717
 0.5257891135884817
 0.5420975858359478
 0.5835501675717343
 0.5026725273420254
 0.4788390056476356
 0.4779287436058183
 0.4761765754795745
 0.506190394574104
 0.5320821439856759
 0.4667925031324314
 0.5250671675249631
 0.5106006728486141
 0.5137093224533368
 0.4848683510482462
 0.4787698007927388
 0.4571371553803806
 0.5394721321681238
 0.4953420241778406
 0.5157078114750822
 0.4761806272661684
 0.4577369456560883
 0.4720806638435652
 0.4837395814095999
 0.4962054275004221
 0.4919203435925936
 0.5069528284818265
 0.4794235888040134
 0.5396271395102281
 0.5173820490361331
 0.5158783025612819
 0.5086698871420539
 0.4914286500785177
 0.469993219731921
 0.5495814104118131
 0.544599390891167
 0.5369399542987687
 0.5448009028745598
 0.5413983174998346
 0.5428319975405219
 0.5548914353802857
 0.5005668190081013
 0.4985932590155192
 0.5316512643969762
 0.4463951361089549
 0.4410315160013369
 0.4409728720809707
 0.4554915736052766
 0.4836725017778472
 0.4361961142568697
 0.4614403032629057
 0.5377605787806817
 0.4359048109799988
 0.4924810651134082
 0.4709683295027822
 0.4699989623859807
 0.4815242865407181
 0.4628692413375627
 0.4894775878301539
 0.4948831314932095
 0.5075932875469823
 0.473008960125956
 0.489123414177554
 0.5039361537553499
 0.4448446904211418
 0.4882879416152528
 0.5162980747548443
 0.4367264963605162
 0.4672418032952094
