# Created by Octave 3.2.4, Mon Nov 19 09:34:12 2012 CST <zac1164@zac1164-VirtualBox>
# name: data_skew
# type: matrix
# rows: 2080
# columns: 1
 -2.4
 -1.15
 -1.35
 -1.55
 -1.3
 -2.75
 -2
 -1.6
 -0.7999999999999999
 -0.9499999999999998
 -2.05
 -1.5
 -2.2
 -1.7
 1.65
 -1.8
 -1.5
 -1.5
 -1.4
 -1.1
 0.2500000000000001
 0.2
 0.6000000000000001
 -0.2
 -1.15
 -1.15
 0.9500000000000001
 0
 -0.09999999999999998
 0.05000000000000003
 -4.2
 0.5
 -1.95
 -3.05
 -0.6
 0.8
 -2.65
 -1.35
 -1
 -0.6
 -1
 0.9
 0.35
 0
 0.5
 0.5500000000000002
 0.3
 0
 0.35
 -0.6
 -2.25
 -0.5499999999999999
 -1.6
 -0.8999999999999999
 -1.95
 -1.5
 -1.65
 -0.8499999999999999
 -0.15
 -0.9500000000000001
 1.35
 1.35
 2.2
 1.35
 1.35
 -0.6499999999999999
 0.2500000000000001
 -0.09999999999999998
 -0.6499999999999999
 -0.15
 2.35
 1.4
 1.35
 1.55
 1.25
 0.35
 1.1
 1.55
 0.5500000000000002
 0.55
 -4.149999999999999
 -0.25
 -4.35
 -2.1
 -3.45
 0.55
 -2.5
 -2
 -0.45
 -3.4
 -2.05
 -1
 -1.25
 -1.5
 -2.35
 -2.5
 -1.1
 -2.25
 -3.35
 -2.45
 -2.45
 0.15
 -3.1
 -2.9
 -2
 1.25
 -2.7
 -3.6
 0
 -3.45
 -4.1
 -3.45
 -3.6
 -4.25
 -3.2
 0.45
 1
 -2.1
 -3.6
 -2.75
 -0.7499999999999999
 -4.05
 -0.1499999999999999
 -2.45
 -1.05
 -1.1
 -1.95
 -4
 -2.6
 -4.6
 -4.6
 -3.8
 -4
 -3.35
 -3.95
 -4.149999999999999
 -3.45
 -1.8
 -2.4
 -3.1
 0.3
 -3.95
 -3.35
 -3.8
 -1.8
 -1.25
 -0.4
 -0.8999999999999999
 -2.85
 -3.15
 -0.4
 -4.149999999999999
 -1
 0.3
 -3.85
 -3.45
 -1.45
 -2.35
 -2.45
 -2.6
 -2.45
 -1.8
 -1.8
 -2.5
 -2.3
 -2.55
 -1.35
 -1.7
 -1.3
 -1.75
 -0.6
 -1.4
 -0.8499999999999999
 -0.7499999999999999
 0.2500000000000001
 -0.6
 -1.1
 -1.5
 -1
 -1.5
 0.7000000000000001
 0.45
 0.8500000000000001
 1
 0.5
 0.8500000000000001
 1.2
 0.5
 0
 0
 -2
 -0.9500000000000001
 -1
 -0.5499999999999999
 -0.2999999999999999
 -0.2
 -0.5499999999999999
 -0.3499999999999999
 -0.6
 -0.7
 -0.09999999999999998
 0.15
 -0.45
 0
 -0.15
 -0.5
 -0.6
 -0.45
 -0.2999999999999999
 -0.75
 -0.25
 -0.2999999999999999
 -0.04999999999999998
 -0.09999999999999998
 0.1
 0
 0.6500000000000001
 0.4500000000000001
 -0.2
 -1
 -1.75
 -1.4
 -1.9
 -1.6
 -1.2
 -0.8499999999999999
 -1.85
 -1.5
 -0.8499999999999999
 -1.6
 -1.5
 -0.9499999999999998
 0
 -0.4
 -0.4
 -0.09999999999999998
 -0.2999999999999999
 -0.2999999999999999
 -0.35
 -0.2
 -0.6
 -0.35
 -1.25
 -0.5499999999999999
 -1.75
 -2.4
 -2.2
 -0.2
 -1.35
 -1.55
 -2.25
 -1.7
 -2.15
 -2.9
 -3.2
 -3.4
 -2.35
 -3.1
 -3.35
 -2.15
 -2.55
 -1.8
 -1.9
 -1.25
 -0.8999999999999999
 -2.4
 -2.25
 -2.45
 -1.6
 -0.4
 -2.8
 -1.95
 -3.65
 -4.049999999999999
 -2.25
 -3.1
 -2.4
 -3.8
 -3.7
 -2.85
 -0.5499999999999999
 0.05000000000000003
 -0.8
 0
 -0.2499999999999999
 -0.5499999999999999
 -0.09999999999999998
 -0.2499999999999999
 0.05
 -0.6499999999999999
 -1.8
 -2.6
 -2.7
 -2.35
 -3.15
 -2.85
 -2
 -1.55
 -1.85
 -0.7999999999999999
 0.4
 -0.8
 -0.8499999999999999
 -2.65
 -0.75
 -3.1
 -2.35
 -3.1
 -1.7
 -0.05
 0.3
 0.4
 -3
 0.45
 -2.7
 -2.65
 -1.75
 -0.5
 -0.9500000000000001
 0
 0.1
 0.3
 -0.4
 -0.25
 -0.1499999999999999
 -0.2
 0
 0.15
 -0.7
 -0.09999999999999998
 0.4500000000000001
 -0.2
 0
 -0.09999999999999998
 0.15
 -0.3
 -0.7
 0
 0
 -0.25
 -0.4
 -0.15
 0
 -0.7999999999999999
 -0.6
 -0.2999999999999999
 -0.15
 -0.6
 -0.6
 0.2
 -0.5
 -0.2999999999999999
 -0.3499999999999999
 -0.6
 -0.45
 -1.45
 -0.3499999999999999
 -0.2
 -0.5499999999999999
 -0.4
 0
 -0.7
 -0.2999999999999999
 -0.4
 0
 -0.5499999999999999
 -0.5499999999999999
 0
 0.1
 -0.6
 0
 -0.3
 0.5
 -0.2999999999999999
 -0.3
 0.7
 0.2
 0
 0
 -0.15
 -1.5
 0
 0
 -0.7
 0.7000000000000001
 -0.15
 -0.15
 -0.45
 -0.6
 -0.2
 -1.4
 -0.5
 -0.2
 1.25
 -0.4
 0
 0.1
 -0.6
 -0.2
 0.35
 0.2500000000000001
 0.1
 0.5
 0.15
 0
 -0.2
 -0.45
 -1.1
 -0.8999999999999999
 -0.2999999999999999
 -3.45
 -3.1
 -2.8
 -2.35
 -2.35
 -2.75
 -2.8
 -3.15
 -2.85
 -2.8
 0.1
 0.15
 0.15
 -0.2499999999999999
 0.2
 0.6500000000000001
 0.4
 0
 -0.05
 0.05000000000000003
 -0.35
 0.15
 0.5
 -0.2
 -0.5499999999999999
 0.3
 -0.5
 -0.35
 -0.3
 -1
 -1.5
 -2.55
 -1.2
 -2.2
 -1.85
 -1.7
 -1.85
 -2.3
 -1.3
 -2.3
 1.1
 0.4
 1
 0.9500000000000001
 0.5
 0.9
 0.4
 -0.25
 -0.45
 -0.6499999999999999
 -0.6499999999999999
 -0.6
 0
 0
 -0.8999999999999999
 -0.85
 -1.6
 -1.35
 -1.4
 -1.3
 -0.45
 0
 0.15
 0
 1
 0.5500000000000002
 -0.5499999999999999
 -0.7
 -0.2
 -0.4
 -2.15
 -2
 -2.1
 -2.2
 -2.4
 -2.8
 -2.9
 -2.2
 -2.7
 -2.05
 -2.2
 -2.4
 -2.7
 -1.7
 -1.9
 -2.4
 -2.05
 -2.35
 -2.85
 -2
 -0.15
 -3.35
 -0.15
 -0.35
 -0.2499999999999999
 -0.15
 0.4500000000000001
 -0.85
 -0.5499999999999999
 -1.2
 -1.45
 -1.25
 -2
 -1.3
 0.2500000000000001
 -1.05
 -1.9
 -0.05
 -1.7
 -2
 0.2500000000000001
 -0.4
 -0.45
 -0.5499999999999999
 -1.45
 -0.8499999999999999
 -0.8
 -1.1
 -0.7
 -0.7
 -1.1
 -0.9499999999999998
 -1.9
 -1.5
 -0.45
 -2
 -1.9
 -1.5
 -1.1
 -0.45
 -1
 -1.4
 -1.3
 -0.9500000000000001
 -0.8999999999999999
 -0.75
 -1.3
 -0.4
 -1
 -0.8499999999999999
 -2.2
 -1.4
 -1.3
 -1.2
 -2.1
 -1.4
 -1.45
 -0.2999999999999999
 -0.2
 0.25
 1.25
 0.3
 1.55
 1.6
 1.4
 1.7
 1.15
 0.4
 0.9
 0.1
 1.95
 2.8
 2.9
 2.05
 1.4
 0.5500000000000002
 -0.2
 -1.25
 -1.25
 -0.7
 1.55
 0.45
 -0.2
 0.1
 -0.09999999999999998
 -0.35
 -0.8499999999999999
 -0.7
 -0.09999999999999998
 -1
 2.65
 1
 0.9
 1.75
 1.25
 1.1
 0.8
 1.15
 0.3
 -0.09999999999999998
 1.05
 2.25
 3.9
 0.15
 1.55
 3.3
 0.4500000000000001
 2.9
 1.75
 0.4
 3.75
 2.85
 3.85
 0.6500000000000001
 -0.8999999999999999
 2.5
 -0.9
 1.8
 1.1
 0.1
 -0.7999999999999999
 0
 0.8
 0
 1.6
 0
 0
 0
 0.7500000000000001
 0
 1.1
 1.7
 2.65
 1.7
 1.5
 0.8
 0.4
 -1.6
 -1.3
 -0.7
 -2.45
 -1.6
 -1
 -0.9500000000000001
 -0.2999999999999999
 -0.8
 0
 -1.1
 -0.5
 -1.15
 -1.7
 -3
 -2.55
 -2.7
 -2.15
 -2.4
 -2.5
 -2.05
 -1.5
 -1.6
 -1.55
 -2.15
 -1
 -2.05
 -0.4
 -0.5499999999999999
 0.6000000000000001
 -0.2999999999999999
 -0.25
 -1.3
 -1.85
 -1.45
 -2.8
 -1.9
 -1.6
 -0.3
 -1.4
 -3.15
 -2
 -1.55
 -1.8
 -3.5
 -1.75
 -1.7
 -1.9
 -1.3
 -2.1
 -0.7999999999999999
 -1.85
 -1.95
 -1.25
 -1.9
 -1.3
 -0.7499999999999999
 -0.6
 0.6500000000000001
 -0.8499999999999999
 -0.5499999999999999
 -0.7
 -1.65
 -1.2
 -1.7
 -1
 -1.85
 -0.09999999999999998
 0.1
 -1.5
 -0.2999999999999999
 -1.4
 -0.5
 -2.45
 -1.35
 -0.8999999999999999
 0.6000000000000001
 -0.75
 1.2
 -0.9499999999999998
 1.15
 0.2
 -0.9499999999999998
 -1.25
 -1.9
 -1.65
 -2.45
 -1.95
 -1.7
 -0.9
 -0.5499999999999999
 -1.55
 -1.6
 -2.05
 -1.05
 -0.7
 -0.6
 -2.15
 -1.95
 -1.35
 -0.2999999999999999
 -0.8999999999999999
 -1.7
 -3.55
 -2
 -1.45
 -1.9
 -1.15
 -1.15
 -0.6
 -1.55
 -0.5499999999999999
 -0.45
 -0.7999999999999999
 -1.55
 -1.55
 -0.2999999999999999
 -0.8999999999999999
 -0.75
 -1.05
 -1.65
 -1.15
 -1.1
 -1.95
 -0.7499999999999999
 -0.6
 -0.5499999999999999
 -0.5
 -0.2
 -0.9499999999999998
 -0.45
 -0.5
 -0.2999999999999999
 -0.5499999999999999
 0.45
 -0.9499999999999998
 0.4
 1.1
 -0.3
 -0.2499999999999999
 -0.6
 0
 0.35
 -2
 -1.8
 -1.15
 -1.65
 -1.05
 -0.35
 -0.6499999999999999
 0.2
 0.4
 0
 -0.7499999999999999
 -1.75
 -0.5
 -0.2999999999999999
 -0.7499999999999999
 -0.6
 -0.09999999999999995
 0
 0.1
 -0.04999999999999998
 2.2
 3.3
 3.25
 3.45
 0.5
 4.600000000000001
 1.95
 0.9
 1.25
 1
 2.55
 2.5
 3.45
 4.350000000000001
 4.4
 3.45
 3.5
 3.9
 2.95
 2.8
 2.1
 1.65
 1.65
 1.1
 1.2
 1
 1.2
 0
 0.35
 -0.8999999999999999
 2.35
 0
 0.9500000000000001
 -0.15
 2.2
 1.5
 0.3
 -0.15
 -0.3
 -0.45
 1.35
 1.9
 2.3
 2
 2.15
 1.9
 0.6500000000000001
 2.5
 0.7
 1.75
 2.8
 3.2
 2.9
 2.95
 3.95
 3.2
 2.6
 3.3
 2.65
 2
 2.05
 1.55
 2.45
 1.75
 0.5500000000000002
 0.35
 1.9
 0.35
 -0.9499999999999998
 -0.6
 -0.2999999999999999
 0.4
 0.15
 0.7000000000000001
 1.45
 1.35
 1.05
 0.7500000000000001
 0.55
 -0.75
 2.65
 0.3
 0
 1.65
 -0.6499999999999999
 0.4
 0.6000000000000001
 0.15
 -1.1
 -0.45
 -0.5499999999999999
 0
 0.6500000000000001
 0.3
 1.5
 0.9500000000000001
 0.9
 1.15
 0.25
 0.3
 2.1
 1.9
 1
 0.6500000000000001
 1.7
 2
 2.05
 0.6000000000000001
 -0.2
 -0.9499999999999998
 0
 0.6500000000000001
 -0.8999999999999999
 0.55
 0.15
 0.1
 0.3
 -0.4
 -0.05
 -0.35
 1
 2.15
 1.75
