# Created by Octave 3.2.4, Mon Nov 19 10:42:18 2012 CST <zac1164@zac1164-VirtualBox>
# name: data_slant_energy
# type: matrix
# rows: 2080
# columns: 1
 187987.6941536697
 43449.49621963403
 35519.74472110048
 89135.80871040872
 27644.16490060127
 126718.0111402572
 216757.846788339
 85312.80449737501
 19466.93834822339
 65678.47601353335
 16731.71234909867
 32064.98730763155
 222767.8351908124
 158824.2446994723
 11130.86720161252
 179076.7876352807
 23750.77800765203
 15183.23911878495
 69597.82575285291
 74242.45697641272
 22742.81949689965
 67211.15998469858
 111112.3798946724
 16707.17737307303
 17645.35243338516
 40212.262058728
 23231.91543955454
 17142.31415447842
 25163.27099645096
 91705.187820912
 17804.93284675485
 17935.9728484443
 24644.44897912024
 108784.4489069292
 24794.98568227133
 16602.51695289042
 22510.41066002463
 58513.68885779119
 51445.16704244944
 25710.78154878835
 32943.85549761654
 110340.2659444188
 20007.08885142903
 114414.7347034973
 119516.1251379623
 30179.00547595373
 34399.90413370254
 106276.700361328
 23280.12789199025
 101166.623266076
 89152.00138207732
 24669.84142856648
 30129.00563162689
 19504.42869979515
 391957.5899228665
 41664.94553575201
 70637.75032917634
 92028.2262419944
 17992.66796009215
 44586.74161972769
 94204.89085816934
 152746.7606748141
 221906.6077958807
 185085.16351893
 112028.4163570316
 21908.87351500762
 15953.92454821462
 24479.25284435683
 17227.58443862298
 79488.36788034161
 29260.45223286433
 19338.89990100032
 30168.98376959797
 82109.35279526026
 31604.2648026204
 44605.86858299361
 35481.84940850154
 42558.58723834538
 59824.57254520488
 41882.5314193221
 91253.2017072876
 144328.8158391218
 214406.7626928877
 15840.18517336946
 563096.6823048858
 20032.62845749255
 799384.9126535119
 102891.9235526137
 43614.19294368353
 758587.1684327526
 72736.03688792014
 57918.63901816214
 82686.64905008148
 77252.87578248
 59794.2824439492
 54733.88120324603
 60871.17796101249
 66334.82633541568
 63357.61413464701
 45998.33762118031
 63545.82907356478
 68907.04323717509
 165262.4642455263
 352940.1198523722
 149426.8384638965
 38862.20121682391
 247849.4502704154
 52387.42140895048
 55333.06769906329
 119957.4046111434
 127067.1856457038
 73993.71827862981
 166755.1812762692
 191314.3320916565
 44637.44057590761
 41136.62628676768
 49738.29926602994
 34060.80011521609
 100878.9860027808
 469416.1147134179
 42933.2725878384
 225751.5013018623
 21729.72058651668
 165956.6983626999
 50072.59528443348
 261873.9272273961
 851122.2705400663
 73531.60720350576
 150602.6547211559
 233340.4235109341
 96072.50735175866
 130335.2936068387
 115701.9496329359
 99564.11674098957
 106182.7868866422
 74986.38519939705
 78955.079955769
 102607.3225377913
 89431.19200695543
 70218.55563212658
 56936.30863879734
 65227.706241095
 118357.5285614122
 390247.0629531114
 50246.22638448865
 48931.54117154784
 52134.29454067443
 54202.49353176702
 238408.6446529132
 56948.72295780058
 26371.25252360493
 440373.37035678
 44528.65587355451
 54077.59092406792
 129925.402603491
 265035.4811564841
 38327.8027259777
 30612.16030795613
 164952.1934846037
 35057.49382199465
 151205.2906345183
 419484.4805637518
 396636.0235900915
 94650.91510404402
 77557.54830042749
 70507.10323220209
 95654.73400782264
 116429.8590706473
 102281.5727254313
 68408.25800567358
 100969.0588028109
 85022.13724066668
 85186.88593576342
 79563.03917550667
 77936.28554165488
 87301.16409728496
 77827.07166399123
 85806.2245197913
 89076.1204202769
 100085.5710741184
 132600.4022677575
 149958.8320782709
 116954.2549505577
 131758.5035235877
 128602.2585267474
 69855.23164804147
 114202.9929121514
 100686.176934959
 124456.0952936588
 139487.7840559662
 36664.45806610297
 77955.87020301689
 62476.30252391034
 80057.13525818022
 96836.7064078618
 43728.94409558306
 76604.55613994437
 82884.74372257145
 70186.27917935934
 82524.69452198644
 74843.64685051743
 113132.5748520061
 116787.6864699919
 96625.09918877852
 88677.86534466609
 91495.7183312909
 127180.4605094591
 84169.7902731948
 104330.6847911126
 108847.4797487154
 103348.4274171518
 91780.5722445507
 55577.81811918785
 101376.2622647162
 68163.33944101563
 101418.3481837912
 84500.24390750732
 89468.91527892274
 87768.06512496392
 90262.04346025738
 160025.0259825504
 107325.0307559486
 150040.9093795432
 127368.6418412403
 120695.5483326154
 98356.13271187647
 137679.4755956947
 118706.7257712575
 117350.7849911057
 152168.4359433814
 68206.85095816151
 88471.38928780609
 69361.09391639291
 99464.73924865431
 74084.8564506648
 68841.96444123657
 45048.97089989077
 64066.70460610329
 67102.88943763687
 41067.94895612687
 149170.35770081
 128393.7709050048
 119396.0898386405
 119242.6285185657
 151767.8705057215
 116582.8534344668
 258228.1785529881
 70441.90365344241
 92702.34712410672
 25766.21629876313
 109243.8216171124
 188889.496714266
 171709.6606961791
 123772.8296970053
 164551.5158063455
 149594.4226464791
 149227.7250362237
 171691.0580084902
 95777.17157387927
 202538.8155204148
 198188.4026101608
 159926.4981969114
 156092.3509943254
 177860.0386668956
 168951.7174764433
 144389.0908897585
 169680.8066496685
 142385.9182928404
 156545.1186001246
 196167.3022469965
 126914.396614126
 201791.2876776587
 235107.4376776271
 178661.5471967715
 125926.2457908649
 65366.08430108277
 52282.65862876125
 147697.5143425738
 116726.4432238468
 89886.87284428912
 129549.2146339372
 117424.7438475116
 102365.1978892249
 109115.9507357337
 121005.8758819773
 163015.4232927916
 115783.865243515
 127965.1674584872
 117503.3809339753
 116968.9187344094
 163639.9918982859
 188189.5661621809
 130627.2899292148
 139351.4703426977
 147018.4764346537
 174979.1342833699
 188078.5302383529
 120790.9243582713
 162211.6713399306
 148529.0500840892
 117606.1734173194
 133619.5274866332
 91783.05787208119
 746520.3002894762
 455507.415297761
 268265.0550962935
 342429.0751073487
 104562.3920845511
 36354.01269668689
 99578.66188387487
 43069.40793322513
 104013.9415771713
 99961.89837611173
 131514.9648172832
 79939.73654151217
 150987.5269539012
 62487.03588063217
 62758.82984671284
 74129.97300758804
 81504.67901796688
 47897.94835337408
 44583.16291446306
 42494.08247311263
 40245.84532014705
 40368.19460828289
 48201.68291833578
 55111.58110364905
 41804.49456937518
 50488.01536265743
 51584.34711136414
 44051.3534307354
 22165.92348351569
 44888.89708708711
 47755.19296477686
 42172.07590489207
 43466.72283691935
 47286.23598025128
 45919.32607279017
 40168.56383705331
 40683.24882804701
 40112.02203260479
 38817.1795925741
 50929.26354923645
 49865.94806813114
 50113.77468549343
 48210.85186947697
 35516.94268035037
 44991.17982143703
 38775.22870148342
 42845.66731852868
 31902.45219845552
 23296.84586510078
 26106.1268961944
 21822.90407537507
 28705.79459052733
 23519.37427155358
 21806.13930658768
 31098.58659133998
 23202.31773038165
 19884.63009680213
 46193.66883903059
 47372.76357380954
 50947.98227032293
 52579.72317611046
 46954.43861101552
 49105.46017044854
 51067.67032150766
 41202.99062616533
 40995.5091884241
 44541.92831313099
 58015.43655979704
 48159.9857740014
 43888.29443512541
 41742.52941519731
 41716.07624511223
 32200.84576560149
 42715.84413163169
 41352.95728964754
 55449.45443307536
 43472.74092217203
 44219.58537540708
 62636.44290291356
 42751.43102594907
 54554.69517432131
 36797.39387097608
 40959.77582533524
 43032.25475273489
 37922.14483631677
 47418.38766517577
 42185.58633846013
 23139.20486882828
 29707.46138049769
 35219.69993311333
 29624.84827028639
 32609.41767916767
 32455.19716062186
 24203.20152131213
 29327.15730244194
 28163.95977858887
 20246.11889978115
 65449.97202594414
 84630.61828219108
 78775.44214758111
 70132.78017307264
 83371.17160309872
 83548.31665940289
 75318.98669561406
 85174.0581282062
 76861.51828028119
 103386.277389995
 96921.224209711
 81608.88439160473
 117135.0337302521
 102138.7509909319
 91590.16896264003
