# Created by Octave 3.2.4, Mon Oct 29 19:14:00 2012 CDT <zac1164@zac1164-VirtualBox>
# name: data
# type: matrix
# rows: 96
# columns: 1
 0.7587103539060077
 0.8105667993194577
 0.794320375067013
 0.7287693121795686
 0.8301682731726647
 0.8060585260551958
 0.7678304725025771
 0.7760506339956345
 0.8105400670750137
 0.7249144052427998
 0.7880821395297144
 0.7447091929898639
 0.8991914168315152
 1.014690881849628
 1.03452078024917
 0.9761879391616262
 0.9462592139136732
 0.9422546508376138
 0.9730743988490144
 0.9715560262566005
 0.9907732565379375
 0.9877097287917038
 0.9675378582087897
 1.015275719146192
 0.9565256171536365
 0.9246407421789498
 0.9630203179386292
 0.9762749625429993
 0.942439252955429
 0.9826720076023453
 0.9840097031078276
 0.9243190779584215
 0.9840805746627679
 0.9521233853193887
 0.9886232964886554
 0.8582159989541077
 0.8365451995701108
 0.8463285140923962
 0.8257151085348969
 0.852863425216803
 0.8166388995966957
 0.8428636494188555
 0.8533900440164301
 0.8335135302656654
 0.8131979227429895
 0.8255499356941204
 0.813710134223575
 0.832508917879076
 0.7986773803507491
 0.8129457876626081
 0.7988406114155523
 0.8293858317008397
 0.7642978713859498
 0.8228865982889298
 0.839242942001115
 0.8106013060745243
 0.8123019616356906
 0.7720045600641404
 0.763311589995992
 0.7841711086221371
 0.7438550857491368
 0.8160537041881045
 0.8134522790179314
 0.8181403020381635
 0.8067257949820933
 0.77688151656416
 0.7612528417133237
 0.7109336231498768
 0.7981464233413972
 0.7820321635722024
 0.7825559387367084
 0.7816796686502957
 0.7565656717794306
 0.8026581204331019
 0.7553194761238277
 0.7547437312061799
 0.7539702852138367
 0.7438247962289899
 0.7837497663807751
 0.6934562048589624
 0.7570519389435586
 0.7969325939998955
 0.7677486977852463
 0.7549343209155889
 0.7481290807338795
 0.8596887707369637
 0.8936662130140698
 0.8747388491222463
 0.9033484911021161
 0.8889437944890244
 0.9510961396440238
 0.8973278417599977
 0.9235365471025027
 0.8994079335652255
 0.894394426377022
 0.8996131664289428
