# Created by Octave 3.2.4, Mon Nov 19 09:21:58 2012 CST <zac1164@zac1164-VirtualBox>
# name: data_curv
# type: matrix
# rows: 640
# columns: 1
 15.11894366433772
 15.3371378295467
 14.79653749642948
 14.84811261602609
 14.57128619342245
 14.25235282455241
 14.23839083030006
 14.74697404169972
 14.6726205278512
 14.23681151263834
 14.66521702021481
 14.92116631808127
 14.48130124150591
 15.33507790208912
 14.8703787094177
 14.38699184381219
 14.69273507455186
 14.20531898516431
 14.53363604645368
 14.52662383516368
 15.16680240902334
 15.39206144152177
 16.0182016502746
 15.02363047928675
 14.91255937214049
 14.78960327493332
 15.45745446020745
 14.56832310641083
 14.97901002722552
 15.80388054846514
 14.94724441717067
 15.5228147776147
 15.75585702984178
 15.17605180650217
 14.83109295476283
 14.28896877696692
 14.61834389575887
 14.98297633448994
 14.89004807723163
 15.13939477745386
 14.71206149289609
 14.25047845862513
 14.63993777493634
 14.52896940541161
 14.15950113755185
 14.29885575824937
 14.39074986433646
 14.55511223680602
 14.61534856676738
 14.03683933472938
 13.95913519404677
 14.73282959184966
 14.73263207554713
 15.18158658549905
 14.01176585724896
 13.65451755238259
 13.50332740361904
 14.0530570190269
 15.60647303908368
 15.59456868028371
 15.17120991779025
 15.48338252328657
 15.62183058920843
 14.8036556663566
 15.101355006096
 14.70645727067948
 14.39473418022464
 15.22901116575605
 14.41714788010832
 15.43048534992103
 14.89337897333364
 15.81375275123285
 15.98777745700163
 15.00561093091107
 15.87718862410402
 15.73807271815385
 15.33291476750927
 15.77434694788489
 14.93943228183728
 16.05548771096769
 13.85717325960571
 13.66224472230799
 13.39132831575244
 13.90930246616575
 14.14970897617883
 13.57178801422168
 13.48987564315098
 13.49154451352459
 13.1786638143382
 13.34632957871269
 12.92683285720444
 13.48016039959777
 13.50947276557588
 13.59817055049214
 13.6088174918877
 13.24823733562122
 13.69346076916847
 13.19847134092883
 13.5395627609281
 13.59920598563327
 13.85519513593403
 14.19602719258216
 13.70593154507244
 14.05398258998707
 13.83040138025373
 13.75588520891464
 13.95467951750027
 14.40449009917733
 13.82248274650111
 13.04139459285283
 14.29515612205762
 14.17169461991363
 13.6677748129753
 14.24451141054894
 14.35804972086187
 14.48801888907064
 13.87457858901383
 14.36872108079732
 11.76595498769488
 14.42466043584737
 12.18088374170977
 12.92125433937509
 12.40808481052629
 12.15351294063074
 13.13479756306892
 12.96165946442276
 12.10037978714363
 12.07097437996818
 12.46183653402711
 13.14964039866344
 11.65578122942046
 11.96390449438245
 12.0706700708685
 11.64756815720291
 11.96112375426643
 12.30348920042305
 11.89293728556122
 12.19716137396738
 12.40339445456611
 12.08818170806195
 12.03580740487496
 11.89401679691684
 11.76343303537582
 11.54960896026605
 11.50677185902895
 11.49318824142648
 11.61039992699008
 11.76902451324061
 11.20098491029797
 11.78937484747835
 11.75588993203442
 12.07949349777516
 11.7392734426474
 11.53500392995181
 12.53013410196859
 12.59152396960482
 11.62462201146209
 11.52680026494573
 11.60847270928544
 11.90049016790524
 12.17967092456015
 11.46751491639143
 11.88651194641096
 12.0658310733744
 11.25512024151912
 11.20078912383764
 12.74265292230275
 11.59754172150757
 11.80236987434719
 12.84949215223302
 11.96480267049638
 11.77246836627964
 11.44990614712995
 11.5144902675547
 13.1179820418494
 12.28537785789478
 11.56084514828139
 12.22781570155245
 10.99078101005188
 12.81072842594959
 10.97558010468653
 11.68457928272494
 11.64687052203882
 11.42745801266431
 12.11248560336062
 11.29511946122898
 11.59149436307627
 11.22897809633939
 10.87488217955555
 10.81935382134092
 11.72030205979656
 12.12800741794402
 11.95512757145127
 12.45762037725728
 11.64996583607116
 12.95807923642239
 13.09979042231869
 12.8693423141328
 12.21681424543217
 12.07179431294166
 12.375356171451
 12.47522208086074
 12.76887830008267
 13.29102892084451
 12.68281784236384
 12.67122298964639
 12.81912695721294
 12.28414836804125
 12.53125421130664
 12.07248804155577
 11.37725063059037
 10.78459498113507
 11.93511699972143
 11.05329998761596
 11.7936829649817
 11.37670889680575
 12.9225436320624
 11.44417463923824
 11.82476135307567
 10.79714788837955
 11.40449227968413
 11.35463274348288
 12.63437308332692
 11.35501223094925
 11.16590442305183
 14.33575306960381
 11.980799292277
 11.89851399260612
 11.6656089607592
 10.81910643370828
 11.86568875357136
 11.50792317300984
 11.38251259110869
 11.69056970756284
 12.45712130032697
 12.38858633972441
 13.54948910979161
 11.80046722891775
 11.76023571481527
 11.31719864735156
 13.78893900738337
 13.84508671356728
 14.02431313258811
 14.08757655399442
 14.19142367763535
 14.16329031833191
 14.11814305621575
 14.17261650356379
 14.15502777704883
 11.55791656876134
 13.3098957426338
 13.20405868803761
 13.16850321277942
 13.29351332026357
 14.62770893619553
 12.65959240781701
 13.35382843307232
 12.88522699891265
 13.20909744416735
 12.79294410723622
 13.81707204044678
 13.29713365209789
 13.8182984544812
 13.45170034093805
 13.96616839724562
 13.74508854338756
 13.64243914975489
 12.82588123644961
 13.3139615220032
 13.29765106991602
 13.66897647582009
 13.69232937690627
 13.10053879042751
 13.62483872800606
 13.52971427744081
 13.36333561784436
 13.1073186955189
 12.86955918040524
 12.22164589506916
 13.11489337348958
 13.07614963423869
 13.08755004944141
 12.23716498735139
 12.26223380560153
 12.94690789854502
 12.80883845030871
 12.70754744402081
 12.60824029937374
 12.88569049313939
 12.71350070952523
 13.53277421944041
 12.62437942467776
 12.78449559629059
 13.30271977671494
 13.12873870214503
 12.79381896591214
 9.058513435006835
 13.32892951219184
 12.89312854405339
 13.66644069009873
 13.22166446104649
 13.70730080357153
 13.03088804813121
 12.99079647495691
 12.74692733157442
 13.24391071509799
 13.69578768475803
 12.89419884084958
 13.53638126807996
 13.64931248134777
 13.35929788214665
 13.20769707925043
 12.8619900370731
 13.33384341593019
 12.30016636464634
 12.94737192800327
 12.95660420144494
 13.38161931963832
 12.42803623114493
 12.3076537253621
 13.40371043314559
 14.01838088495322
 13.87057419645743
 14.42518797731222
 13.49880528927937
 15.37259005991116
 13.69204653978189
 13.69017373021899
 13.58197723710153
 13.69500803454482
 16.23554505889014
 15.61826252371537
 16.3050556687771
 15.84171293339758
 15.40695752408745
 13.73028245876684
 15.95974424612382
 16.42543902464188
 14.53086293705544
 13.974645252316
 14.95653833066818
 15.71301248307634
 14.33142155408043
 15.09204162051061
 14.75222595051478
 16.06932170958748
 16.79570060935255
 13.69759221045496
 13.53984590623009
 15.890842738974
 15.22089853493387
 14.45466632806134
 15.30965593396739
 14.30935119203626
 15.10882324121371
 14.58670215051582
 15.56445194736502
 13.79684917818256
 14.41828740680912
 14.05637238961212
 14.88687944912847
 13.2691861315216
 14.07077813530305
 12.52448673567284
 13.12426587834223
 14.67474493104822
 14.8867817350722
 13.97322024876686
 13.71834705794112
 13.69862410341655
 13.91331395820416
 14.4924840391561
 15.09576772898582
 13.54980176048073
 14.53446775578319
 15.42224274575046
 15.6874017552563
 15.41246823072712
 14.08174232925042
 14.39104802775966
 14.30954066770537
 14.81857702207927
 13.60787265886642
 14.24413836640612
 14.32196395748329
 15.73001683335868
 12.68319087708647
 12.81879132655436
 13.96270127522708
 13.83828920741695
 15.72815187391797
 13.32504685186
 14.19508774713546
 13.35453896012849
 13.65497910104581
 15.89375155962141
 14.89699542941148
 15.04065290453067
 14.36276944592287
 13.01462282339414
 16.09371607157441
 11.35601246138234
 15.83781628102486
 15.81500325539929
 17.68385606399963
 15.16391992627613
 16.21918317979016
 13.83082612609771
 15.51697819472857
 14.97743622467866
 14.89290908175952
 17.39831969314856
 15.81507101206216
 16.04312311581953
 14.93004215243887
