# Created by Octave 3.2.4, Mon Nov 19 09:38:14 2012 CST <zac1164@zac1164-VirtualBox>
# name: data_curv_direct
# type: matrix
# rows: 640
# columns: 8
 0.05208989708044529 0.2014282713715606 0.05342014982846741 0.2203318630539803 0.02163411048099139 0.1634810614016663 0.05215991038297276 0.235454736399916
 0.0564470607209096 0.1970002419159745 0.05636642206273688 0.2174018224336747 0.02338521087009112 0.1584549633094105 0.05177001854689138 0.2391742601403113
 0.05805892547660312 0.1873483535528596 0.05996533795493934 0.1986135181975737 0.02339688041594454 0.1675909878682842 0.06013864818024264 0.2448873483535529
 0.0606941357497008 0.2089246024961532 0.05761668661309625 0.1916566934518721 0.02855188921183108 0.1701145494956403 0.06137801333561293 0.2210634296460934
 0.06646133895282866 0.2079753606743394 0.05819419679040363 0.2029502350461987 0.02852974550170206 0.1664775490355001 0.0559247852164046 0.2134867887826228
 0.04878797177048174 0.2397974838907641 0.05876035593740411 0.1836452899662473 0.02654188401350107 0.1862534519791347 0.06228904571954588 0.1939245167229211
 0.06141384388807069 0.1628865979381443 0.06038291605301915 0.2419734904270987 0.02503681885125184 0.1296023564064801 0.05743740795287187 0.2612665684830633
 0.05430510896748839 0.195069667738478 0.05984280100035727 0.2198999642729546 0.02340121471954269 0.1523758485173276 0.05841371918542337 0.236691675598428
 0.06152088772845953 0.1819516971279373 0.04862924281984334 0.2379242819843342 0.03247389033942559 0.1400130548302872 0.04732375979112272 0.2501631853785901
 0.06309751434034416 0.2031548757170172 0.05720203951561504 0.1988527724665392 0.02820267686424474 0.1704907584448694 0.0538559592096877 0.2251434034416826
 0.07256317689530686 0.1953068592057762 0.05054151624548736 0.1862815884476534 0.02490974729241877 0.1740072202166065 0.06209386281588448 0.2342960288808664
 0.0676716368998853 0.1999016876945764 0.04604292970670162 0.207111256758971 0.02556119941012617 0.1651646731115845 0.05636572177617565 0.2321808946419794
 0.06432177169842045 0.1893828366715519 0.05406285621234327 0.2234163816967921 0.02524018889431689 0.1467187754437388 0.05324865657059111 0.2436085328122456
 0.06562693020382952 0.1982705373687461 0.05033971587399629 0.2160284126003706 0.02810376775787523 0.1607473749227918 0.04833230389129092 0.2325509573810994
 0.0717958484098267 0.2098647876594934 0.04589601980575129 0.1923443153685012 0.03561226433060369 0.1805370405637022 0.05199009712435727 0.2119596267377642
 0.0714765100671141 0.2003355704697987 0.06442953020134229 0.1932885906040268 0.02348993288590604 0.1714765100671141 0.05704697986577181 0.2184563758389262
 0.05458187280921382 0.2159906526456351 0.06209313970956434 0.2044733767317643 0.02637289267234185 0.1637456184276415 0.057085628442664 0.2156568185611751
 0.06711056597161381 0.2291922200806028 0.0497634483967058 0.1720693884702996 0.03154021377256001 0.196775889258805 0.05799894865954092 0.1955493253898721
 0.06019176136363636 0.1892755681818182 0.064453125 0.2150213068181818 0.02432528409090909 0.1493252840909091 0.05823863636363636 0.2391690340909091
 0.05709754163362411 0.2233148295003965 0.04662965900079302 0.1839809674861221 0.02727993655828707 0.1911181601903251 0.0499603489294211 0.2206185567010309
 0.05562388957222906 0.1977586442531092 0.04851715183818505 0.2151154844881782 0.02747027470274703 0.1503348366817001 0.05207052070520705 0.2531091977586443
 0.0542443604120485 0.1826835310992307 0.06428478289216326 0.2296257660711957 0.02686139001173556 0.1483896205502673 0.0594601642978224 0.2344503846655366
 0.06424148606811146 0.174406604747162 0.05301857585139319 0.2244582043343653 0.02670278637770898 0.1515737874097007 0.0456656346749226 0.2599329205366357
 0.06526875369167159 0.2037802717070289 0.06320141760189013 0.1952155936207915 0.02569403425871234 0.1618428824571766 0.05434140578854105 0.2306556408741878
 0.06041022759202023 0.1795448159595392 0.05745996066310761 0.2256251756111267 0.03301489182354594 0.1420342792919359 0.05521213824107896 0.2466985108176454
 0.06312066385525779 0.174534076996327 0.05849544279689838 0.219834036185553 0.03523330159162018 0.1436539246361039 0.05536661678683173 0.249761937151408
 0.06458094144661308 0.1828358208955224 0.0541044776119403 0.2192881745120551 0.03286452353616533 0.1518369690011481 0.05209529276693456 0.2423938002296211
 0.06421605401350337 0.1669917479369842 0.06256564141035259 0.2330082520630158 0.03120780195048762 0.1294823705926482 0.06061515378844711 0.2519129782445612
 0.06842767295597484 0.1781132075471698 0.05962264150943396 0.2130817610062893 0.0369811320754717 0.1362264150943396 0.05660377358490566 0.2509433962264151
 0.06120420335132064 0.2039193410962795 0.06049417779040046 0.2029253053109912 0.033087191138881 0.1611758023288838 0.05112184038625391 0.2260721385969895
 0.06430006697923643 0.2191895512391159 0.047052913596785 0.2101473543201607 0.02813127930341594 0.1748158070997991 0.04822505023442733 0.2081379772270596
 0.05863894881349284 0.1904294959796038 0.04530300058835066 0.2165130417728967 0.02726024710727594 0.1735634438125123 0.05295155912924103 0.2353402627966268
 0.05543556515478762 0.1508279337652988 0.04427645788336933 0.2602591792656587 0.02807775377969762 0.1254499640028798 0.04301655867530597 0.2926565874730022
 0.05685048322910745 0.1725412166003411 0.05372370665150654 0.2356452529846504 0.02700397953382604 0.1316088686753837 0.05528709494030699 0.2673393973848778
 0.06209048361934477 0.1636505460218409 0.05132605304212168 0.2433697347893916 0.0265210608424337 0.1352574102964119 0.0514820592823713 0.2663026521060842
 0.06288178224937119 0.1500179662234998 0.05928853754940711 0.2644628099173554 0.0213798059647862 0.1083363277039166 0.05587495508444125 0.2777578153072224
 0.05619530170428374 0.1668969752802088 0.05005373867649317 0.249500998003992 0.02702287732227852 0.136803316444035 0.05143559035774604 0.2620912022109627
 0.05233719536556133 0.1612731388999867 0.05007324543880676 0.2527633506458916 0.02077506991610068 0.12904514582501 0.05366893061659342 0.2800639232920495
 0.06540918770915728 0.1759963492546395 0.05019774870702769 0.2331913599026468 0.03194402190447216 0.1414663827198053 0.05521752357773045 0.2465774262245208
 0.04908958485069192 0.1916970138383103 0.05651857246904588 0.2209759650400583 0.02738528769118718 0.1640203932993445 0.05083758193736344 0.2394756008739986
 0.04933311907440142 0.2061706572392737 0.0650811505704644 0.1987787240880604 0.01944399807166961 0.1868873533665435 0.05543949863409931 0.2188654989554877
 0.05999667608442746 0.2040884161542297 0.05916569719129134 0.2085757021771647 0.02775469503074622 0.162539471497424 0.05534319428286522 0.2225361475818514
 0.05723760092272203 0.2210207612456747 0.05954440599769319 0.1926182237600923 0.02350057670126874 0.1859861591695502 0.05680507497116494 0.2032871972318339
 0.0528344995002142 0.2203341425103527 0.05083535627588177 0.1830644009710124 0.01984863629872912 0.2010566899900043 0.0544052548907611 0.2176210195630444
 0.05487894350696992 0.225531914893617 0.04944974321349963 0.1737344093910491 0.02538517975055026 0.1916360968451944 0.05443873807776962 0.22494497432135
 0.05461836283185841 0.2133573008849557 0.06263827433628319 0.1973174778761062 0.02032632743362832 0.1736725663716814 0.05655420353982301 0.2215154867256637
 0.0559785673998872 0.2196841511562324 0.05485053581500282 0.1834461364918218 0.02481669486745629 0.1909193457416808 0.05640157924421884 0.2139029892836999
 0.05420267085624509 0.1946582875098193 0.0617439120188531 0.2144540455616654 0.02513747054202671 0.1662215239591516 0.05388845247446976 0.229693637077769
 0.05461187214611872 0.2168036529680365 0.05570776255707763 0.2005479452054794 0.02484018264840183 0.1634703196347032 0.04949771689497717 0.2345205479452055
 0.06065088757396449 0.2026627218934911 0.06183431952662722 0.2017751479289941 0.02366863905325444 0.1736686390532544 0.06272189349112427 0.2130177514792899
