# Created by Octave 3.2.4, Mon Nov 19 09:38:14 2012 CST <zac1164@zac1164-VirtualBox>
# name: data_curv_direct
# type: matrix
# rows: 640
# columns: 8
 0.05208989708044529 0.2014282713715606 0.05342014982846741 0.2203318630539803 0.02163411048099139 0.1634810614016663 0.05215991038297276 0.235454736399916
 0.0564470607209096 0.1970002419159745 0.05636642206273688 0.2174018224336747 0.02338521087009112 0.1584549633094105 0.05177001854689138 0.2391742601403113
 0.05805892547660312 0.1873483535528596 0.05996533795493934 0.1986135181975737 0.02339688041594454 0.1675909878682842 0.06013864818024264 0.2448873483535529
 0.0606941357497008 0.2089246024961532 0.05761668661309625 0.1916566934518721 0.02855188921183108 0.1701145494956403 0.06137801333561293 0.2210634296460934
 0.06646133895282866 0.2079753606743394 0.05819419679040363 0.2029502350461987 0.02852974550170206 0.1664775490355001 0.0559247852164046 0.2134867887826228
 0.04878797177048174 0.2397974838907641 0.05876035593740411 0.1836452899662473 0.02654188401350107 0.1862534519791347 0.06228904571954588 0.1939245167229211
 0.06141384388807069 0.1628865979381443 0.06038291605301915 0.2419734904270987 0.02503681885125184 0.1296023564064801 0.05743740795287187 0.2612665684830633
 0.05430510896748839 0.195069667738478 0.05984280100035727 0.2198999642729546 0.02340121471954269 0.1523758485173276 0.05841371918542337 0.236691675598428
 0.06152088772845953 0.1819516971279373 0.04862924281984334 0.2379242819843342 0.03247389033942559 0.1400130548302872 0.04732375979112272 0.2501631853785901
 0.06309751434034416 0.2031548757170172 0.05720203951561504 0.1988527724665392 0.02820267686424474 0.1704907584448694 0.0538559592096877 0.2251434034416826
 0.07256317689530686 0.1953068592057762 0.05054151624548736 0.1862815884476534 0.02490974729241877 0.1740072202166065 0.06209386281588448 0.2342960288808664
 0.0676716368998853 0.1999016876945764 0.04604292970670162 0.207111256758971 0.02556119941012617 0.1651646731115845 0.05636572177617565 0.2321808946419794
 0.06432177169842045 0.1893828366715519 0.05406285621234327 0.2234163816967921 0.02524018889431689 0.1467187754437388 0.05324865657059111 0.2436085328122456
 0.06562693020382952 0.1982705373687461 0.05033971587399629 0.2160284126003706 0.02810376775787523 0.1607473749227918 0.04833230389129092 0.2325509573810994
 0.0717958484098267 0.2098647876594934 0.04589601980575129 0.1923443153685012 0.03561226433060369 0.1805370405637022 0.05199009712435727 0.2119596267377642
 0.0714765100671141 0.2003355704697987 0.06442953020134229 0.1932885906040268 0.02348993288590604 0.1714765100671141 0.05704697986577181 0.2184563758389262
 0.05458187280921382 0.2159906526456351 0.06209313970956434 0.2044733767317643 0.02637289267234185 0.1637456184276415 0.057085628442664 0.2156568185611751
 0.06711056597161381 0.2291922200806028 0.0497634483967058 0.1720693884702996 0.03154021377256001 0.196775889258805 0.05799894865954092 0.1955493253898721
 0.06019176136363636 0.1892755681818182 0.064453125 0.2150213068181818 0.02432528409090909 0.1493252840909091 0.05823863636363636 0.2391690340909091
 0.05709754163362411 0.2233148295003965 0.04662965900079302 0.1839809674861221 0.02727993655828707 0.1911181601903251 0.0499603489294211 0.2206185567010309
 0.05562388957222906 0.1977586442531092 0.04851715183818505 0.2151154844881782 0.02747027470274703 0.1503348366817001 0.05207052070520705 0.2531091977586443
 0.0542443604120485 0.1826835310992307 0.06428478289216326 0.2296257660711957 0.02686139001173556 0.1483896205502673 0.0594601642978224 0.2344503846655366
 0.06424148606811146 0.174406604747162 0.05301857585139319 0.2244582043343653 0.02670278637770898 0.1515737874097007 0.0456656346749226 0.2599329205366357
 0.06526875369167159 0.2037802717070289 0.06320141760189013 0.1952155936207915 0.02569403425871234 0.1618428824571766 0.05434140578854105 0.2306556408741878
 0.06041022759202023 0.1795448159595392 0.05745996066310761 0.2256251756111267 0.03301489182354594 0.1420342792919359 0.05521213824107896 0.2466985108176454
 0.06312066385525779 0.174534076996327 0.05849544279689838 0.219834036185553 0.03523330159162018 0.1436539246361039 0.05536661678683173 0.249761937151408
 0.06458094144661308 0.1828358208955224 0.0541044776119403 0.2192881745120551 0.03286452353616533 0.1518369690011481 0.05209529276693456 0.2423938002296211
 0.06421605401350337 0.1669917479369842 0.06256564141035259 0.2330082520630158 0.03120780195048762 0.1294823705926482 0.06061515378844711 0.2519129782445612
 0.06842767295597484 0.1781132075471698 0.05962264150943396 0.2130817610062893 0.0369811320754717 0.1362264150943396 0.05660377358490566 0.2509433962264151
 0.06120420335132064 0.2039193410962795 0.06049417779040046 0.2029253053109912 0.033087191138881 0.1611758023288838 0.05112184038625391 0.2260721385969895
 0.06430006697923643 0.2191895512391159 0.047052913596785 0.2101473543201607 0.02813127930341594 0.1748158070997991 0.04822505023442733 0.2081379772270596
 0.05863894881349284 0.1904294959796038 0.04530300058835066 0.2165130417728967 0.02726024710727594 0.1735634438125123 0.05295155912924103 0.2353402627966268
 0.05543556515478762 0.1508279337652988 0.04427645788336933 0.2602591792656587 0.02807775377969762 0.1254499640028798 0.04301655867530597 0.2926565874730022
 0.05685048322910745 0.1725412166003411 0.05372370665150654 0.2356452529846504 0.02700397953382604 0.1316088686753837 0.05528709494030699 0.2673393973848778
 0.06209048361934477 0.1636505460218409 0.05132605304212168 0.2433697347893916 0.0265210608424337 0.1352574102964119 0.0514820592823713 0.2663026521060842
 0.06288178224937119 0.1500179662234998 0.05928853754940711 0.2644628099173554 0.0213798059647862 0.1083363277039166 0.05587495508444125 0.2777578153072224
 0.05619530170428374 0.1668969752802088 0.05005373867649317 0.249500998003992 0.02702287732227852 0.136803316444035 0.05143559035774604 0.2620912022109627
 0.05233719536556133 0.1612731388999867 0.05007324543880676 0.2527633506458916 0.02077506991610068 0.12904514582501 0.05366893061659342 0.2800639232920495
 0.06540918770915728 0.1759963492546395 0.05019774870702769 0.2331913599026468 0.03194402190447216 0.1414663827198053 0.05521752357773045 0.2465774262245208
 0.04908958485069192 0.1916970138383103 0.05651857246904588 0.2209759650400583 0.02738528769118718 0.1640203932993445 0.05083758193736344 0.2394756008739986
 0.04933311907440142 0.2061706572392737 0.0650811505704644 0.1987787240880604 0.01944399807166961 0.1868873533665435 0.05543949863409931 0.2188654989554877
 0.05999667608442746 0.2040884161542297 0.05916569719129134 0.2085757021771647 0.02775469503074622 0.162539471497424 0.05534319428286522 0.2225361475818514
 0.05723760092272203 0.2210207612456747 0.05954440599769319 0.1926182237600923 0.02350057670126874 0.1859861591695502 0.05680507497116494 0.2032871972318339
 0.0528344995002142 0.2203341425103527 0.05083535627588177 0.1830644009710124 0.01984863629872912 0.2010566899900043 0.0544052548907611 0.2176210195630444
 0.05487894350696992 0.225531914893617 0.04944974321349963 0.1737344093910491 0.02538517975055026 0.1916360968451944 0.05443873807776962 0.22494497432135
 0.05461836283185841 0.2133573008849557 0.06263827433628319 0.1973174778761062 0.02032632743362832 0.1736725663716814 0.05655420353982301 0.2215154867256637
 0.0559785673998872 0.2196841511562324 0.05485053581500282 0.1834461364918218 0.02481669486745629 0.1909193457416808 0.05640157924421884 0.2139029892836999
 0.05420267085624509 0.1946582875098193 0.0617439120188531 0.2144540455616654 0.02513747054202671 0.1662215239591516 0.05388845247446976 0.229693637077769
 0.05461187214611872 0.2168036529680365 0.05570776255707763 0.2005479452054794 0.02484018264840183 0.1634703196347032 0.04949771689497717 0.2345205479452055
 0.06065088757396449 0.2026627218934911 0.06183431952662722 0.2017751479289941 0.02366863905325444 0.1736686390532544 0.06272189349112427 0.2130177514792899
 0.05701509223029626 0.1914477361654556 0.06008943543879262 0.2115707098937954 0.02711011738401341 0.1590273896031302 0.05953046394633874 0.2342090553381778
 0.05454895913646877 0.2012336160370085 0.06746337702390132 0.2027756360832691 0.02062451811873554 0.1730917501927525 0.06476484194294525 0.215497301464919
 0.05688565408925493 0.2080061290940433 0.05975866692204559 0.2085807316606014 0.02317563685117794 0.1662516759241525 0.05899253016663474 0.2183489752920896
 0.05831723168803794 0.2092042859652204 0.0548041454417706 0.1919901633585105 0.02652380115931846 0.186017916739856 0.05796592306341121 0.2151765325838749
 0.05343511450381679 0.2084817642069551 0.06005089058524173 0.1791348600508906 0.02052586938083121 0.1816793893129771 0.06751484308736218 0.2291772688719254
 0.06145129657877534 0.1837001525386794 0.06559163216387012 0.2057093048594465 0.01721507953802571 0.1571148398343866 0.06406624536936152 0.2451514491174548
 0.05961310698776155 0.2214765100671141 0.0548756415317805 0.1898934070272404 0.0264508487958942 0.1863403079352546 0.06217923410975128 0.1991709435452033
 0.07053160318124739 0.2201758057764755 0.05148597739640016 0.1860611134365844 0.03139388865634157 0.1785265801590624 0.05023022185014651 0.2115948095437422
 0.05312982998454405 0.2125193199381762 0.04868624420401855 0.1988021638330757 0.0214451313755796 0.1908809891808346 0.05564142194744977 0.2188948995363215
 0.04590281513358437 0.2587412587412588 0.04895104895104895 0.1685493993186301 0.01685493993186301 0.2108660570199032 0.0502062040523579 0.1999282768513538
 0.04728236853733982 0.1959051406687288 0.05774046251288849 0.2227132125497128 0.02342023862129916 0.1587862719104434 0.05567830313742819 0.2384740020621594
 0.05856391105075539 0.2154133423866916 0.04634187744016296 0.2074350704464437 0.02699032422339161 0.1692412154133424 0.04990663724325242 0.2261076217959599
 0.05107057890563045 0.2066613798572561 0.05011895321173672 0.2207771609833465 0.02521808088818398 0.1576526566217288 0.05471847739888977 0.2337827121332276
 0.05855986119144014 0.1730769230769231 0.05884904569115095 0.2144303065355697 0.03065355696934644 0.1551474840948525 0.05754771544245228 0.2517351069982649
 0.06117800195248942 0.1993166287015945 0.05239179954441914 0.2219329645297755 0.02538236251220306 0.1457858769931663 0.05515782622844127 0.2388545395379108
 0.06006253085403982 0.2280730623662992 0.05232845153858812 0.1931874280072404 0.02320223794635511 0.1724535132466678 0.05117656738522297 0.2195162086555866
 0.05602628393567353 0.1862355178972852 0.05533460141794916 0.2294656752550579 0.02317136434376621 0.1431782811689435 0.04997406190558534 0.2566142140757393
 0.05817750074205996 0.1826951617690709 0.05075690115761353 0.2205402196497477 0.02849510240427426 0.141139804096171 0.05224102107450282 0.2659542891065598
 0.06844796305459344 0.1924789708065314 0.05211941283193139 0.2127659574468085 0.0310077519379845 0.1466270823024905 0.05525317499587663 0.2412996866237836
 0.05407667838607065 0.2332161392934874 0.0450359953122384 0.1814833417043362 0.02427590825380881 0.2072660304704504 0.05390925832914783 0.2007366482504604
 0.05890148726255338 0.1739066411426889 0.05507289059048741 0.2195552937711677 0.03475187748490649 0.1422470917390664 0.05669268149020763 0.2588720365189221
 0.06550532680679527 0.1536135905557155 0.05528361646991074 0.2457529513389001 0.03383242153757558 0.1215087820328246 0.05298013245033113 0.271523178807947
 0.05638991215641825 0.1673278549164069 0.05738169453102862 0.2393029186738453 0.0334372343440068 0.1418248795692831 0.05624822896004534 0.2480872768489657
 0.06962943426084663 0.1825135170776737 0.06013451140709482 0.2075695634972966 0.03982592641434788 0.1585124620862456 0.05565079783726757 0.2261637874192272
 0.06675411747558666 0.1842297041247632 0.05217898265558957 0.2317446436379537 0.03119078851479376 0.140212796968372 0.0475149395131905 0.2461740271097508
 0.05435232445854601 0.1522968685335908 0.05559387501724376 0.2578286660228997 0.02496896123603256 0.1222237550006898 0.05117947303076286 0.2815560767002345
 0.0623310089654191 0.1538352070584887 0.06090792656894834 0.2456240216308524 0.0308808880034154 0.1320620463924861 0.05820407001565391 0.256154831364736
 0.05179589949129027 0.1954678587945121 0.06335748419916756 0.2116540773855403 0.02728533991059041 0.1627871126869123 0.05873285031601665 0.2289193772159704
 0.06698673982624601 0.1812985825331504 0.04938271604938271 0.2098765432098765 0.04000914494741655 0.1428898033836306 0.06218564243255601 0.2473708276177412
 0.06043437204910293 0.2108907774630154 0.05539817437834435 0.1967264715140069 0.02958766131570664 0.1783128737802959 0.05099150141643059 0.2176581680830973
 0.06801346801346801 0.1590909090909091 0.05606060606060606 0.2250841750841751 0.03215488215488215 0.1382154882154882 0.06548821548821548 0.2558922558922559
 0.06158399098083427 0.1771420518602029 0.06595264937993235 0.2158962795941375 0.03156708004509583 0.137260428410372 0.07356257046223225 0.2370349492671928
 0.06238945168033446 0.1881331403762663 0.06946454413892909 0.209197620196173 0.03119472584016723 0.1415018491718926 0.07573564881813796 0.2223830197780994
 0.06170313237840391 0.1446560679993704 0.07114748937509838 0.2520069258617976 0.02738863529041398 0.1141193137100582 0.06878640012592475 0.2601920352589328
 0.05888324873096447 0.1635968092820885 0.07324147933284988 0.2234952864394489 0.03205221174764322 0.135605511240029 0.07425670775924582 0.2388687454677302
 0.05907928388746803 0.1601023017902813 0.07506393861892584 0.2300511508951407 0.02941176470588235 0.1186700767263427 0.07864450127877237 0.2489769820971867
 0.07168637212196639 0.1427504667081518 0.06807716241443684 0.2251400124455507 0.03920348475420037 0.1320472930927193 0.07828251400124456 0.2428126944617299
 0.06311064166886718 0.1385001320306311 0.07156060205967785 0.2404277792447848 0.0340639028254555 0.1144705571692633 0.07393715341959335 0.263929231581727
 0.06835144690323425 0.1652481340840644 0.06298284666753962 0.231897341888176 0.02893806468508577 0.12400157129763 0.07162498363231636 0.2469556108419536
 0.06463288521199587 0.1423216132368149 0.06825232678386763 0.2426318510858325 0.03373836608066184 0.1217683557394002 0.07394002068252327 0.2527145811789038
 0.07592810347723837 0.1607592810347724 0.06719301192675961 0.2210650092390391 0.03813203426843608 0.1261548798924912 0.07441626070888628 0.2363514194523769
 0.06562768086931656 0.1618530168716042 0.07520732056048041 0.2160423219902774 0.0308836145267372 0.1323991993136975 0.08149842722333428 0.2364884186445525
 0.07056387384517362 0.147658489964957 0.05782096208983753 0.2451417648932781 0.03552086651799936 0.1095890410958904 0.07008601465434852 0.2636189869385154
 0.08127503337783712 0.1393524699599466 0.06425233644859812 0.2239652870493992 0.03271028037383177 0.1186582109479306 0.07977303070761015 0.2600133511348465
 0.06938653960690887 0.1572364502680167 0.07236450268016677 0.2307921381774866 0.03171530673019655 0.124329958308517 0.07370458606313282 0.2404705181655747
 0.06005674653215637 0.1404476670870113 0.0726670870113493 0.2512610340479193 0.02522068095838588 0.1127049180327869 0.08023329129886507 0.2574085750315259
 0.06898525833691141 0.1465578932302848 0.0664090453699728 0.234721625876628 0.0333476456275941 0.1239444682982682 0.07399456132818091 0.2520395019321597
 0.06899525657611039 0.1479085812850366 0.06338939197930142 0.2388960758947822 0.02802932298404485 0.1164294954721863 0.07158257869771453 0.2647692971108236
 0.07135485773256671 0.1578947368421053 0.06678460858027421 0.2296918767507003 0.03700427539436827 0.1278195488721804 0.06988058381247236 0.2395695120153324
 0.06603332814203396 0.1495094222083788 0.07132845351191404 0.2298707366453824 0.03254944712661579 0.124746924155116 0.08051705341847064 0.2454446347920885
 0.06201550387596899 0.1111527881970493 0.07414353588397099 0.2763190797699425 0.02600650162540635 0.1014003500875219 0.07064266066516629 0.2783195798949737
 0.07231713385304363 0.1263891192569249 0.06385801957206834 0.2579200530767955 0.03400232210980262 0.09736274672416653 0.07231713385304363 0.2758334715541549
 0.06745748177790481 0.1210518793768758 0.07031584964984994 0.2652565385165071 0.03101329141060455 0.1037587537516078 0.06902958410747463 0.2721166214091754
 0.05668668522044822 0.1297788193935843 0.06840486304379668 0.2623407060202139 0.02328987842390508 0.1133733704408964 0.06679361359308628 0.2793320638640691
 0.06343770384866275 0.1273646444879322 0.06833007175472929 0.2625570776255708 0.02641878669275929 0.09572733202870189 0.06800391389432485 0.288160469667319
 0.06052021632758177 0.1313417460726242 0.06811743497295905 0.2513520473860417 0.03476693278392995 0.1077774916301829 0.07751738346639196 0.2686067473602884
 0.06460974492133802 0.1524362303345043 0.06888651290667482 0.2361386894760959 0.02871544218726134 0.1249427218573392 0.07133038032686727 0.252940277989919
 0.06911412609736632 0.1426975259377494 0.0684756584197925 0.2400638467677574 0.03080606544293695 0.1120510774142059 0.07549880287310455 0.261292897047087
 0.06599937441351267 0.1365342508601814 0.06756334063184236 0.2463246793869252 0.03081013450109478 0.1046293400062559 0.07882389740381608 0.2693149827963716
 0.06874828814023555 0.1516023007395234 0.06737880032867707 0.2345932621199671 0.04053683922213092 0.1121610517666393 0.07628047110380717 0.2486989865790195
 0.06341463414634146 0.1586527293844367 0.06620209059233449 0.2394889663182346 0.03716608594657375 0.1191637630662021 0.07642276422764227 0.2394889663182346
 0.06574300461831024 0.1447976093452866 0.06560717196414018 0.2491170877478946 0.03477315946753599 0.1048628090192882 0.06465634338494974 0.2704428144525944
 0.07512783532188279 0.1505178969450636 0.06948996984397535 0.2299724662383637 0.04208732135833224 0.1219352301035794 0.07617674052707486 0.2346925396617281
 0.07334887334887336 0.1563325563325563 0.06993006993006994 0.2198912198912199 0.04118104118104118 0.1264957264957265 0.07987567987567988 0.232944832944833
 0.07147719537100068 0.1536759700476515 0.06705241660993873 0.2312797821647379 0.03624914908100749 0.1199795779441797 0.07011572498298162 0.2501701837985024
 0.07090569829194775 0.1408066599684226 0.07506817855604996 0.2467346059997129 0.0419118702454428 0.1080809530644467 0.06616908281900387 0.2503229510549734
 0.07337205747477836 0.1614185264445124 0.07138489758483645 0.2233261999388566 0.03668602873738918 0.1213696117395292 0.0698563130541119 0.2425863650259859
 0.07305863708399365 0.1592709984152139 0.08050713153724247 0.2137876386687797 0.03343898573692552 0.1315372424722663 0.0786053882725832 0.2297939778129952
 0.06791002277904327 0.1324031890660592 0.07374715261958997 0.243878132118451 0.04114464692482916 0.1141799544419134 0.06791002277904327 0.2588268792710706
 0.06856084002470661 0.156886967263743 0.07411982705373688 0.2285361334156887 0.03443483631871526 0.1247683755404571 0.07520074119827054 0.2374922791846819
 0.08276311502117954 0.1528185076572173 0.07754969045291626 0.2121212121212121 0.04398826979472141 0.1078527207559466 0.08765070055392636 0.2352557836428804
 0.07270595133391967 0.1301671064204046 0.079155672823219 0.2263265904426854 0.03869832893579595 0.1222515391380827 0.08589856347112283 0.2447962474347699
 0.08664973186565057 0.1270110076206604 0.07620660457239628 0.2404741744284505 0.04290149590742309 0.1010443127293254 0.08495625176404177 0.2407564211120519
 0.08994145822245875 0.1354443853113358 0.08488557743480575 0.2243214475784992 0.04683342203299627 0.09499733901011176 0.09659393294305482 0.2269824374667376
 0.07788062559846792 0.1283115225023939 0.06543249281838494 0.2451324609000957 0.04213214171720396 0.1021385253750399 0.07373124800510693 0.2652409830833067
 0.0815945188414824 0.1488632824665213 0.0834630956088446 0.2242292120834631 0.04391155403301152 0.1090003114294612 0.09062597321706634 0.2183120523201495
 0.06764115792490685 0.1392949269131556 0.07566638005159071 0.2447692748638578 0.03382057896245343 0.09888220120378331 0.0822585267985096 0.2576669532817426
 0.09193054136874361 0.1361082737487232 0.07865168539325842 0.2372318692543412 0.0449438202247191 0.09908069458631256 0.07992849846782431 0.2321246169560776
 0.08980702622464126 0.1575952498762989 0.070262246412667 0.2199406234537358 0.04898565066798614 0.1227115289460663 0.07471548738248392 0.2159821870361207
 0.07357645553422905 0.163787587971849 0.05374280230326296 0.2364043506078055 0.02719129878438899 0.1228406909788868 0.07037747920665387 0.2520793346129239
 0.09663754302356367 0.1593857558909187 0.08790045009266614 0.1940693672226635 0.04818639131585915 0.1220545406407201 0.09637278263171829 0.1953931691818904
 0.0856717159175565 0.1487459647380184 0.07673205860442016 0.2197665756146014 0.04072510553762106 0.1251552023839086 0.07747703004718152 0.2257263471566923
 0.08210180623973727 0.1502463054187192 0.07744937055281882 0.2099069512862616 0.05582922824302135 0.1143951833607006 0.08483853311439518 0.2252326217843459
 0.09471766848816029 0.1621129326047359 0.07771706132361871 0.1906496660595021 0.04280510018214936 0.1369156041287189 0.08682452944748027 0.2082574377656345
 0.08520475561426684 0.1628137384412153 0.08388375165125496 0.1935270805812417 0.03863936591809775 0.1393659180977543 0.09742404227212681 0.1991413474240423
 0.07837763770896136 0.1589476568922993 0.07317073170731707 0.2071800493285832 0.03672238969580707 0.1285283639353247 0.08166620992052617 0.2354069608111811
 0.0814058275758486 0.1231601081405828 0.07569840793030941 0.2367077200360469 0.03814959447281466 0.1066386302192851 0.09312105737458697 0.2451186542505257
 0.08365809301117173 0.1564042608469732 0.07846193816575733 0.2081060015588465 0.04364770070148091 0.1286048324240062 0.08807482462977397 0.2130423486619901
 0.08617345525076199 0.1740094208922139 0.06372956497644777 0.2103075644222776 0.0401773344416736 0.1349404267110003 0.08312551953449709 0.2075367137711277
 0.08624833110814419 0.1500667556742323 0.07903871829105474 0.2050734312416555 0.04592790387182911 0.1198931909212283 0.09158878504672897 0.2221628838451268
 0.09455040871934604 0.1465940054495913 0.08038147138964577 0.215258855585831 0.03542234332425068 0.1283378746594006 0.08692098092643052 0.2125340599455041
 0.09540907925109002 0.174916645293665 0.06924852526288792 0.1767119774301103 0.04770453962554501 0.1556809438317517 0.08822775070530905 0.1921005385996409
 0.09368123231688148 0.1342345174473436 0.07733417164413707 0.2153410877082678 0.03269412134548884 0.1134863250550141 0.09273813266268469 0.2404904118201823
 0.09709791158123135 0.1844317873609981 0.0832655275291565 0.1735828586927041 0.04339571467317602 0.1483590995389205 0.0957417954976946 0.1741253051261188
 0.09383789312196369 0.1585272308872411 0.07261569930963947 0.2048069547430325 0.04883661467655331 0.1242648938890309 0.08846842239836358 0.2086422909741754
 0.09228696530818457 0.1650387335803301 0.0855506904681711 0.1849107443583698 0.03974402155607949 0.1242842707982486 0.09733917143819468 0.2108454024924217
 0.0984657659720632 0.1669338218456606 0.0732768490954889 0.181360201511335 0.05266773528738265 0.1401419738951225 0.100068697046027 0.1870849553469201
 0.1009754811494859 0.1494858950698655 0.08278407592934353 0.1995781703137358 0.0506195623517005 0.1173213814922225 0.08858423411547588 0.2106511995781703
 0.09370388588293163 0.1692080668962125 0.0720609936055091 0.1844564682734875 0.04476143630103296 0.1431382193802263 0.0941957697983276 0.1984751598622725
 0.09665334665334666 0.1648351648351648 0.06793206793206794 0.1905594405594405 0.0501998001998002 0.1388611388611388 0.08891108891108891 0.202047952047952
 0.08477681545636243 0.150566289140573 0.07861425716189208 0.2155229846768821 0.03980679546968688 0.128580946035976 0.08427714856762158 0.217854763491006
 0.07693047408404655 0.1323204154245601 0.08346956438119051 0.233099336474661 0.04077315126454466 0.1101067410327916 0.08558515241850177 0.2377151649197038
 0.08124332977588047 0.1416755602988261 0.08017609391675561 0.2223852721451441 0.04188900747065102 0.1121931696905016 0.08911419423692636 0.2313233724653148
 0.08893892485223755 0.1455108359133127 0.09203490008443568 0.1995496763298621 0.04559527160146355 0.117084154235857 0.1007599211933577 0.2105263157894737
 0.0796659171217475 0.1326694506906521 0.07067137809187279 0.2415676196594924 0.03437198843559268 0.09829746225505943 0.07741728236427883 0.2653389013813042
 0.08645863154881191 0.1537360435156026 0.07328943601488691 0.2207271686229602 0.03864872602347552 0.1159461780704266 0.07500715717148583 0.2361866590323504
 0.08351648351648351 0.1535321821036107 0.08602825745682889 0.2144427001569859 0.03453689167974882 0.1111459968602826 0.09701726844583987 0.2197802197802198
 0.08069427527405602 0.1522533495736906 0.07947624847746651 0.2213763702801462 0.04598051157125457 0.1160170523751523 0.09135200974421437 0.2128501827040195
 0.08462389380530974 0.1426991150442478 0.07079646017699115 0.2356194690265487 0.03650442477876106 0.1114491150442478 0.07743362831858407 0.2408738938053097
 0.07041820418204182 0.1451414514145141 0.07964329643296433 0.2214022140221402 0.03690036900369004 0.1248462484624846 0.08825338253382534 0.2333948339483395
 0.08526740665993945 0.1498486377396569 0.08274470232088799 0.231079717457114 0.03027245206861756 0.09586276488395561 0.07568113017154389 0.2492431886982846
 0.08907613602166717 0.144447788143244 0.09088173337345772 0.2079446283478784 0.0403250075233223 0.1098405055672585 0.0839602768582606 0.2335239241649112
 0.09750566893424037 0.1617535903250189 0.09183673469387756 0.2018140589569161 0.04610733182161754 0.1050642479213908 0.06878306878306878 0.22713529856387
 0.06474960876369328 0.2331768388106416 0.06924882629107981 0.1594287949921753 0.03188575899843506 0.2032472613458529 0.06964006259780908 0.168622848200313
 0.07593543653705062 0.1632428466617755 0.1045487894350697 0.202494497432135 0.02971386647101981 0.1250917094644167 0.09427732942039618 0.2046955245781365
 0.07032498668087374 0.121470431539691 0.1172083111347896 0.2253596164091635 0.02077783697389451 0.1092168353755994 0.1044219499200852 0.231220031965903
 0.05830583058305831 0.1762926292629263 0.0517051705170517 0.2197469746974698 0.04042904290429043 0.1548404840484048 0.0539053905390539 0.2447744774477448
 0.07871621621621622 0.1317567567567567 0.09966216216216216 0.2185810810810811 0.02567567567567568 0.1010135135135135 0.09054054054054055 0.2540540540540541
 0.07994310099573257 0.1322901849217639 0.09786628733997155 0.2312944523470839 0.03186344238975818 0.0941678520625889 0.08705547652916074 0.2455192034139403
 0.07508532423208192 0.158703071672355 0.04948805460750853 0.2488623435722412 0.04948805460750853 0.1103526734926052 0.04692832764505119 0.2610921501706485
 0.09819121447028424 0.1369509043927649 0.08301033591731266 0.2202842377260982 0.05555555555555555 0.1001291989664083 0.07235142118863049 0.2335271317829457
 0.08653846153846154 0.1585081585081585 0.09353146853146853 0.2106643356643357 0.04108391608391608 0.1212121212121212 0.08682983682983683 0.2016317016317016
 0.08156727451946771 0.1813701330704781 0.09709216362740267 0.1865450961064564 0.04657466732380483 0.133809758501725 0.09536717594874322 0.1776737309019221
 0.09648206199930338 0.1779867641936607 0.08986415882967608 0.1644026471612678 0.04353883664228492 0.1529083942877046 0.08533611981887844 0.189481017067224
 0.101878612716763 0.1666666666666667 0.08429672447013488 0.1866570327552987 0.05491329479768786 0.1327071290944123 0.0773121387283237 0.1955684007707129
 0.07929515418502203 0.1530257361465337 0.09042429863204267 0.2153953164850452 0.03037329005332715 0.1203338743334106 0.08949686992812428 0.2216554602364943
 0.08194905869324474 0.136766334440753 0.09662236987818383 0.2439091915836102 0.03045404208194906 0.08250276854928018 0.07890365448504984 0.2488925802879291
 0.08683171869393613 0.1675636885540007 0.09723717258701112 0.1962683889486903 0.0369573017581629 0.129529960531037 0.08826695371367062 0.1973448152134912
 0.09600515463917526 0.1907216494845361 0.09890463917525773 0.1630154639175258 0.04542525773195876 0.1446520618556701 0.09149484536082474 0.1697809278350516
 0.09438400470449868 0.1528962069979418 0.07791825933548956 0.2081740664510438 0.04675095560129373 0.116142311084975 0.07144957365480741 0.23228462216995
 0.08205268935236004 0.1926454445664105 0.1062019758507135 0.1684961580680571 0.03100987925356751 0.1525795828759605 0.1020856201975851 0.1649286498353458
 0.06341259908218606 0.1685440133500209 0.1042970379641218 0.1948268669169796 0.02419691280767626 0.1426783479349187 0.09553608677513559 0.2065081351689612
 0.08430989583333333 0.2093098958333333 0.103515625 0.1617838541666667 0.02897135416666667 0.1513671875 0.09700520833333333 0.1637369791666667
 0.09354647720544701 0.1847246891651865 0.0941385435168739 0.1619301361752516 0.04026050917702783 0.1690349319123742 0.09621077560686797 0.160153937240971
 0.05595267438994331 0.2413113137786542 0.04732561005669213 0.150357406950949 0.03746610796154794 0.2344096623120532 0.05743159970421494 0.1757456248459453
 0.07491972886193364 0.1651801641098823 0.1105957902247592 0.1751694612914734 0.02176239743132358 0.1398501605422761 0.1073849447021049 0.2051373528362469
 0.07336573130584731 0.1744787584260856 0.06772221351308982 0.2086533939488948 0.03793698071798087 0.1451638187803731 0.07509013952030098 0.2175889637874275
 0.08615586977967774 0.1670503123972377 0.0973364024991779 0.2048668201249589 0.0335415981585005 0.116737915159487 0.08911542255836896 0.2051956593225913
 0.09100473435034193 0.2304050499736981 0.08942661756970016 0.135718043135192 0.04103103629668595 0.1756970015781168 0.09889531825355076 0.1378221988427143
 0.09995517705064993 0.1788435679067683 0.1062303899596593 0.1622590766472434 0.03944419542805917 0.1443298969072165 0.09547288211564321 0.1734648139847602
 0.08254187532377828 0.1820065619064065 0.1034363667760318 0.1738905197720601 0.03609048523571059 0.1545501640476602 0.09307546192367466 0.1744085650146779
 0.07660083782166367 0.1194893277478556 0.09674845401954917 0.2290045880710154 0.04807500498703371 0.1061240773987632 0.08517853580690206 0.2387791741472172
 0.0836866770810087 0.1479580450792234 0.09216692702521759 0.2066503012720375 0.03570631555456372 0.1301048873019415 0.08681097969203302 0.2169158669939746
 0.07975693125712116 0.1598936574249905 0.094948727687049 0.1927459172047095 0.03209266995822256 0.1450816559058109 0.09058108621344474 0.2048993543486517
 0.09161124222269899 0.200600729457198 0.09547307444754345 0.1589787599227634 0.03861832224844454 0.1742115425874276 0.08538940141600515 0.1551169276979189
 0.07909604519774012 0.09273329436976427 0.0898110266900448 0.259107734268459 0.03272939801285798 0.08630430547438145 0.08007013442431327 0.2801480615624391
 0.0808450132033313 0.1196424944139752 0.09242331911436116 0.2415193987406053 0.0312817387771684 0.09851716433069267 0.08328255128986391 0.2524883201300021
 0.08453118818409601 0.1279177106686008 0.0767506264011605 0.2377686931293683 0.04641962284056442 0.1031254121060266 0.0729262824739549 0.2505604641962284
 0.08317891702697139 0.138768787317274 0.08276714021000618 0.2262713609223801 0.0426189005558987 0.1220918262301832 0.07391393864525428 0.2303891290920321
 0.07907328128934778 0.1188617476706119 0.09292369680181314 0.2440191387559809 0.02795265676152103 0.0984638630067993 0.09015361369932007 0.2485520020146059
 0.0633937785640572 0.2596196373286156 0.07563025210084033 0.1233967271118974 0.03862597670647206 0.2260061919504644 0.07563025210084033 0.1376971841368126
 0.07258875952278281 0.1878683340520339 0.07460112117291937 0.1916055771165732 0.03981601264913037 0.1651573954290642 0.06439557280436969 0.2039672272531264
 0.07047992755810444 0.2592816178690009 0.07349833987322668 0.1211892544521582 0.04316329610624811 0.2383036522789013 0.07063084817386055 0.1234530636884998
 0.09894736842105263 0.2357894736842105 0.09263157894736843 0.1164912280701754 0.04807017543859649 0.2028070175438597 0.08315789473684211 0.1221052631578947
 0.09434515089364195 0.2516847348373865 0.101963082332259 0.08203926164664518 0.05479050688543803 0.221506006445942 0.09581013770876062 0.09786111924992676
 0.09986320109439124 0.2458960328317373 0.08310533515731874 0.1104651162790698 0.05677154582763338 0.2096443228454172 0.08139534883720931 0.112859097127223
 0.09394641085014886 0.2583526298379094 0.08865365530929541 0.09923916639100232 0.0499503804168045 0.2050942772080714 0.09196162752232881 0.1128018524644393
 0.0741665442796299 0.2741959171684535 0.06961374651196946 0.1055955353208988 0.04082831546482597 0.2468791305624908 0.07269789983844911 0.1160229108532824
 0.0847953216374269 0.2497911445279866 0.07142857142857142 0.1106934001670844 0.05346700083542189 0.2318295739348371 0.06683375104427736 0.1311612364243943
 0.07963655799037947 0.2150365223588099 0.0778549795118475 0.1594512738286122 0.04489577765900588 0.1874220559415642 0.0691252449670408 0.1665775877427401
 0.08911260253542133 0.2356450410141685 0.1002982848620433 0.1241610738255034 0.04138702460850112 0.1733780760626398 0.1002982848620433 0.1357196122296793
 0.08738862234407128 0.2104180945853324 0.09355723098012338 0.1624400274160384 0.0435229609321453 0.1528444139821796 0.08567511994516792 0.1641535298149417
 0.1017288900025056 0.1718867451766475 0.08544224505136558 0.1881733901277875 0.0511150087697319 0.1297920320721624 0.0726634928589326 0.199198195940867
 0.102328099621007 0.2349756361667569 0.1061180292365999 0.1256090958310774 0.04656199242014077 0.1727125067677314 0.08987547374120194 0.1218191662154846
 0.09670448406266882 0.1772015126958401 0.07941653160453808 0.1809832522960562 0.04321988114532685 0.142085359265262 0.08157752566180443 0.1988114532685035
 0.08916241368958271 0.1891323926748724 0.1047733413389373 0.1621134794356049 0.03182227559291504 0.1591113779645752 0.08736115280696488 0.1765235664965476
 0.096 0.2136 0.0864 0.1516 0.0412 0.1808 0.0736 0.1568
 0.08801108801108801 0.2467082467082467 0.1011781011781012 0.1237006237006237 0.04192654192654192 0.1857241857241857 0.08627858627858628 0.1264726264726265
 0.1018699413898967 0.1825286073123081 0.09349706949483673 0.1819704158526375 0.05051632710019537 0.1289422271839241 0.07954228300307005 0.1811331286631314
 0.09934899518822531 0.1989810359467874 0.1013303141805831 0.1525615624115483 0.04840079252759694 0.1542598358335692 0.09255590150014152 0.1525615624115483
 0.09502982107355865 0.2226640159045726 0.09184890656063618 0.1192842942345924 0.04532803180914513 0.2023856858846919 0.09304174950298211 0.1304174950298211
 0.09029896278218426 0.2156802928615009 0.1037217815741306 0.136058572300183 0.04179377669310555 0.1772422208663819 0.09304453935326419 0.1421598535692495
 0.09285051067780872 0.2200557103064067 0.09006499535747446 0.1225626740947075 0.02599814298978644 0.1959145775301764 0.09099350046425256 0.1615598885793872
 0.09454265949269793 0.1975403535741737 0.09274916730719959 0.1575710991544965 0.0415065334358186 0.1657699205739175 0.08608762490392007 0.1642326415577761
 0.1084770114942529 0.146551724137931 0.08405172413793104 0.2140804597701149 0.03448275862068965 0.1127873563218391 0.08045977011494253 0.2191091954022988
 0.05867870332375872 0.3395568321707017 0.04164956914238818 0.06565449322938038 0.03816167418957735 0.3338120640131309 0.04677882642593353 0.07570783750512926
 0.08180451127819549 0.2718796992481203 0.06646616541353384 0.1094736842105263 0.04225563909774436 0.2466165413533835 0.06556390977443609 0.1159398496240601
 0.08329455560725919 0.2340623545835272 0.09911586784550953 0.1568171242438343 0.04467194043741275 0.1628664495114006 0.08655188459748721 0.1326198231735691
 0.0935856992639327 0.1962846126883982 0.08902909218366632 0.1759551349456712 0.04100946372239748 0.1395022783035401 0.08096740273396424 0.1836663161584297
 0.09275136399064692 0.1636788776305534 0.09547934528448948 0.1866718628215121 0.03741231488698363 0.13717848791894 0.08573655494933749 0.201091192517537
 0.08397790055248619 0.1874769797421731 0.1009208103130755 0.172744014732965 0.03057090239410681 0.1701657458563536 0.08397790055248619 0.1701657458563536
 0.09671361502347418 0.1741784037558685 0.0880281690140845 0.186150234741784 0.04131455399061033 0.1568075117370892 0.08098591549295775 0.1758215962441315
 0.1018815052041633 0.1911529223378703 0.08827061649319455 0.1649319455564452 0.044435548438751 0.1591273018414732 0.08807045636509207 0.1621297037630104
 0.08883147853736088 0.1657392686804451 0.1065182829888712 0.1724960254372019 0.03994435612082671 0.1613672496025437 0.09220985691573927 0.1728934817170111
 0.09082007343941248 0.1077111383108935 0.08788249694002448 0.2283965728274174 0.03794369645042839 0.1074663402692778 0.08592411260709915 0.2538555691554468
 0.08428081573723155 0.1985201227215304 0.09438729471214583 0.1519581303013896 0.03771882331709078 0.1913012091680202 0.09005594658003971 0.1517776574625519
 0.08190743338008415 0.1741935483870968 0.07461430575035063 0.2015427769985975 0.03702664796633941 0.1545582047685835 0.06900420757363254 0.2071528751753156
 0.08658669574700109 0.1352235550708833 0.09073064340239913 0.2102508178844057 0.03794983642311887 0.1306434023991276 0.08920392584514722 0.2194111232279171
 0.08749569410954185 0.1674130210127454 0.09834653806407165 0.1899758870134344 0.03599724423010679 0.156045470203238 0.08129521184981055 0.1834309335170513
 0.08092948717948718 0.1493055555555556 0.0998931623931624 0.2158119658119658 0.03472222222222222 0.1188568376068376 0.08787393162393162 0.2126068376068376
 0.05531331755325775 0.1689298617167061 0.0718823969104273 0.2205057929487978 0.03214152236202816 0.1543540550641585 0.07125949919023296 0.2256135542543914
 0.05609899823217442 0.1648791985857395 0.06812021213906895 0.227224513847967 0.03794932233352976 0.1482616381850324 0.06210960518562168 0.2353565114908662
 0.05163593099345628 0.1675193337299227 0.07186198691255205 0.2285544318857823 0.03236168947055324 0.1472932778108269 0.06579417013682332 0.2349791790600833
 0.05098922309795721 0.1536110664307544 0.0673958500884671 0.2304970242882419 0.03345665111790252 0.147659642914589 0.0662699050989223 0.2501206369631655
 0.0563097033685269 0.1620160884866767 0.07076420311714429 0.220211161387632 0.03305681246857717 0.1577425842131724 0.06699346405228758 0.2329059829059829
 0.06308724832214765 0.1606263982102908 0.06428038777032066 0.2211782252050709 0.03803131991051454 0.152572706935123 0.06517524235645041 0.235048471290082
 0.05010286820767276 0.1566017185041752 0.0681350599056033 0.2293355923998548 0.03267578361369963 0.1480091976279801 0.06377828875711 0.2513614909839041
 0.05509238395673727 0.1754168544389365 0.06894997746732763 0.2273546642631816 0.0325597115817936 0.146011716989635 0.06804867057232988 0.2265660207300586
 0.05853478954472942 0.1724137931034483 0.0708062338937293 0.2146275616640078 0.03460547306417965 0.1548656276843784 0.06467051171922936 0.2294760093262977
 0.05902899056933287 0.1570613575503551 0.06939108161602049 0.229130282920014 0.03655838863662825 0.1319129118640121 0.06403539410874375 0.2528815927348935
 0.06429652042360061 0.175642965204236 0.07760968229954614 0.2059001512859304 0.04417549167927383 0.1549167927382753 0.07095310136157337 0.2065052950075643
 0.0673758865248227 0.180112293144208 0.07609338061465722 0.1894208037825059 0.04772458628841608 0.16725768321513 0.07786643026004728 0.1941489361702128
 0.06849698837372181 0.1664098613251156 0.07325956016248775 0.1998879394873231 0.04874632301442779 0.1518419946771256 0.07171872811318111 0.2196386048466172
 0.06270802822526961 0.1673545466648915 0.07189455465317535 0.2159499400878711 0.04167221408600719 0.1527093596059113 0.06656903208627346 0.2211423245906005
 0.07367303609341826 0.2097664543524416 0.07176220806794055 0.1753715498938429 0.03885350318471337 0.1817409766454352 0.06518046709129512 0.1836518046709129
 0.06969026548672566 0.179646017699115 0.08827433628318584 0.2015486725663717 0.04247787610619469 0.1451327433628319 0.0745575221238938 0.1986725663716814
