# Created by Octave 3.2.4, Mon Nov 19 09:41:30 2012 CST <zac1164@zac1164-VirtualBox>
# name: data_entropy
# type: matrix
# rows: 640
# columns: 1
 0.4328463013134954
 0.4415770189574459
 0.3724658463448391
 0.457816943592103
 0.4415792839186554
 0.3927100032313176
 0.447483077639512
 0.4303714599472546
 0.4009260030783484
 0.4003395401470633
 0.3645028635753792
 0.3776944168608166
 0.3795695697421077
 0.3809049255960614
 0.3756366149355654
 0.3527266819167019
 0.3744521846751057
 0.3573694254244604
 0.3532703671593149
 0.3569478021978858
 0.5893040622850448
 0.6376845987065429
 0.5710631369633939
 0.4018011705889409
 0.5578990351074644
 0.571341858830907
 0.5632770188400391
 0.5402926450326458
 0.5647101414006297
 0.5643448500661088
 0.3477450449106308
 0.3408168113531236
 0.3473119599269442
 0.4144511933897811
 0.3859704531240645
 0.3387856912356716
 0.3923519271209172
 0.4157226803231123
 0.4229392292606443
 0.4095573915914824
 0.4058389250379147
 0.4104324495883243
 0.4066387785879848
 0.4123466892688448
 0.405815031106676
 0.4329028250713126
 0.4302288250780579
 0.4291767504164019
 0.4214188721759412
 0.4116166997430766
 0.3384310900895786
 0.3483912668950216
 0.3803400365938063
 0.3410814700588047
 0.3656832937911348
 0.3553136651288397
 0.3783486304197634
 0.3738547550347932
 0.3380594043772234
 0.3621051826422349
 0.3522211489652197
 0.3666032640061871
 0.3631433976933768
 0.3576203837272556
 0.4029843813040872
 0.3955550448064243
 0.3853553947762052
 0.3783405923397701
 0.3705958887952439
 0.3987334436408859
 0.6316923279287695
 0.5608129067695836
 0.5789906343394277
 0.5996470458554828
 0.5985848662934976
 0.59754696279426
 0.5685609654477364
 0.5510291257880241
 0.5090598311110421
 0.5750909360218377
 0.456878584864721
 0.4891412457202997
 0.4954625420511559
 0.5221437177268349
 0.5435253949385896
 0.5213799022210961
 0.5780980849293025
 0.5231932810517578
 0.5623778550016408
 0.5859342421895405
 0.4989968492555034
 0.5108738343979086
 0.4808202038373378
 0.58599838605329
 0.5068346188195825
 0.5347418059730316
 0.5030910879989112
 0.500717178744416
 0.5515715788752137
 0.5004313501065816
 0.5525032026863916
 0.618693886988121
 0.5318274402467242
 0.5607414142590065
 0.512936954032986
 0.5486589863797586
 0.5625810259245111
 0.5816081217169309
 0.5352196298755734
 0.5482458280558666
 0.5038928340794846
 0.5601773031850027
 0.505923134078741
 0.5537331480708577
 0.5580958972665655
 0.5402861772156771
 0.5246601299835145
 0.4979289150659258
 0.5783861957369522
 0.5067201455747973
 0.5249653076960787
 0.5329405946728905
 0.4909228091444077
 0.4913672430670569
 0.5267092454488271
 0.5342330676842342
 0.5160022413662086
 0.5460857439866972
 0.5590084224575474
 0.4924197801632447
 0.5875855895188065
 0.5709491797631969
 0.5241085825222802
 0.5964527128777115
 0.599810058233047
 0.5825184424558868
 0.5569707842811533
 0.5308057424544097
 0.5548107352638798
 0.6106981844536011
 0.6142145866027295
 0.5560299847370693
 0.5591351022307243
 0.5658998020950652
 0.5529064954699558
 0.5566645879707776
 0.580419472972096
 0.5530262029474133
 0.5980767946872384
 0.5524584096958713
 0.4811298425833064
 0.5023606655887551
 0.4518738411131226
 0.4375456336804546
 0.4431528046040643
 0.489478049945224
 0.4967242590553266
 0.4420476572191633
 0.591104588922839
 0.5214749236802889
 0.2294057538695562
 0.2661985128386883
 0.2551666106043053
 0.2509689438088044
 0.2817869471842594
 0.2247106755758253
 0.2251700820337574
 0.3709521024495796
 0.328164464042489
 0.2474024599386843
 0.3478852124095879
 0.357020909284825
 0.4275610367495752
 0.3253520005576803
 0.4635198504121238
 0.4666087242909629
 0.38540515130019
 0.3250575233982807
 0.3746591955927775
 0.3584730030319378
 0.2585173089698894
 0.3284176507099542
 0.2617611885761013
 0.3027610692205087
 0.2538688409491242
 0.2657213609093243
 0.3429604824077537
 0.3815917768027679
 0.2435681803488796
 0.2514539764299317
 0.5313918881825068
 0.5536459305027264
 0.4905559747990553
 0.6234964567217652
 0.539834033312113
 0.5892408968922812
 0.5750450127109944
 0.5658196793357937
 0.5313572569189683
 0.4793979118103144
 0.3269131489347223
 0.2981907401525004
 0.354751039323875
 0.3033206459732406
 0.3327158946632174
 0.2964448237401081
 0.3349067911774153
 0.3459550237493063
 0.3475598912626288
 0.3406941283780677
 0.2914623524779006
 0.2706711357435099
 0.3507589635747424
 0.2663126889564442
 0.3124289577437563
 0.280407207485258
 0.2473419321478436
 0.2727671703398059
 0.2719300362117951
 0.3264170188876384
 0.2380217619725614
 0.245546757008053
 0.2056163122722846
 0.2652107319100785
 0.2047391326967662
 0.2160271557484544
 0.2686418462528583
 0.2698992436488515
 0.2409895131357082
 0.2302038380576124
 0.2885680218099559
 0.2969622813012202
 0.3888927189671533
 0.3452058580684261
 0.2881349459620998
 0.3535173886530971
 0.2940280940917678
 0.301130266182404
 0.4709880681316104
 0.3746673867193385
 0.3785600239741338
 0.441120715248142
 0.392493479667571
 0.3422811041691546
 0.4218145613238341
 0.3763695287728513
 0.385819792745039
 0.4262888795580669
 0.3828609714422828
 0.3795892327455903
 0.3313249828864651
 0.3359215821974689
 0.3686265236681367
 0.3719070503122083
 0.4246676180625799
 0.3793116056092579
 0.3542472655808043
 0.3453051112128757
 0.3276598649270266
 0.3535842407585537
 0.345090343834232
 0.3424616239294717
 0.3426959345394192
 0.3553069278738715
 0.3361516093999954
 0.4015011336886939
 0.4245495482428564
 0.3966330139824761
 0.3772438249145668
 0.3346654354937247
 0.3426706064529885
 0.3609058064058858
 0.3596836349576572
 0.3708114775020342
 0.3704567254913999
 0.3521638199901391
 0.3664359944033742
 0.3814181479965401
 0.3884481816012988
 0.3706675859274914
 0.3113587089467181
 0.3457820846409562
 0.3105038204922363
 0.3362285054875659
 0.363899517023473
 0.3555245119770865
 0.3897225363799084
 0.3459234328864919
 0.4287639482608137
 0.3820813919581902
 0.3890887786077163
 0.4031097119888696
 0.3588164895137119
 0.3741481723144117
 0.3661920814971009
 0.355938423206338
 0.4007892017518579
 0.3660228284736586
 0.3625237440533887
 0.3911297977905912
 0.4053203349518736
 0.4352093528158501
 0.4281986634807117
 0.3389183064954867
 0.3395262650120732
 0.3534186955403852
 0.3575116761429549
 0.4119880572514438
 0.366919542502852
 0.3368021543223698
 0.3561952229105247
 0.305176019694703
 0.3307603576984343
 0.3299165387733086
 0.3271242973457658
 0.3122824542788226
 0.3395201191920724
 0.3199405788962194
 0.3019887205047224
 0.3115486103421168
 0.3514394314712829
 0.3533212548726515
 0.4073541680870139
 0.3859019552061181
 0.4523801563630807
 0.4000323150692868
 0.3969946237190163
 0.4127379011691478
 0.3587448619764083
 0.3602704501513726
 0.4250721414178874
 0.3373300228914758
 0.3076526562780589
 0.3697551402010053
 0.3768944299063305
 0.3203277955785434
 0.4187269775619751
 0.3095434291503252
 0.3279967931694061
 0.3348611057749774
 0.2839341806370857
 0.30309223582606
 0.2960517605140685
 0.300027889957876
 0.3059176990174126
 0.3321969768980859
 0.2973673369781291
 0.3020306081852359
 0.2891409134069851
 0.3007243194585359
 0.2909285706689195
 0.3423442063374211
 0.2908144562804808
 0.3136101651329866
 0.3203863266098377
 0.364511546625723
 0.2906529650414441
 0.3058751596799297
 0.3543689266416059
 0.3002406595968435
 0.3292435970084532
 0.3585194462167684
 0.352596341622865
 0.3263087389184741
 0.3319755188496025
 0.3326703725777194
 0.3376255401341287
 0.3682260902049305
 0.3241038594886612
 0.3366633062347292
 0.379888143033157
 0.3686097601789268
 0.3717609021418362
 0.3828932508371861
 0.4085133819402411
 0.4081558659662168
 0.3911309320653585
 0.4267184380963348
 0.3719654531839501
 0.3694858148102966
 0.3424486050481475
 0.3482749509869412
 0.3836848584068754
 0.381667872070982
 0.3888804972668012
 0.3305247245667936
 0.3475744175815408
 0.3481256597890735
 0.3419911515874193
 0.3770137152189542
 0.3639518580132718
 0.3731302945660973
 0.413381020665998
 0.3647309011801843
