# Created by Octave 3.2.4, Mon Nov 19 02:36:48 2012 CST <zac1164@zac1164-VirtualBox>
# name: data_skew
# type: matrix
# rows: 640
# columns: 1
 -0.8499999999999999
 -1.7
 -1.1
 -0.7
 -0.09999999999999998
 -0.5499999999999999
 -0.6
 0.8500000000000001
 -0.45
 -0.9500000000000001
 0.35
 -0.8
 -0.45
 0
 -1.65
 -1.05
 -1.15
 -2.05
 -1.5
 -1.1
 -1.9
 -2.95
 -2.5
 -3.55
 -1.85
 -2.05
 -2.5
 -1.65
 -0.3499999999999999
 -1.6
 -0.6499999999999999
 -0.15
 0
 0
 -1.1
 0.3
 0.45
 -0.25
 0.6000000000000001
 -0.6499999999999999
 1
 0.75
 0.55
 0.4
 1.95
 -0.09999999999999998
 1
 1.1
 -0.8
 0.1
 -0.6499999999999999
 -0.2999999999999999
 -0.45
 -0.2999999999999999
 -1.1
 0.3
 -1
 -1.1
 -1.45
 0.1
 -1.1
 0.7000000000000001
 0.7500000000000001
 0.55
 0.5
 0.9500000000000001
 -0.5
 0
 -0.9500000000000001
 -0.5
 -0.9499999999999998
 -3.05
 -2.45
 -1.25
 -2.7
 -2.35
 -2.4
 -3
 -1.95
 -2.7
 -0.9499999999999998
 -1.5
 -1.4
 -0.8499999999999999
 0
 -0.5499999999999999
 -0.5499999999999999
 -0.6499999999999999
 0.2
 -0.6
 -0.8999999999999999
 0.1
 0.1
 0.2
 -0.6
 -0.7999999999999999
 -0.9499999999999998
 -0.45
 0.35
 -0.5499999999999999
 -0.2
 0.2500000000000001
 -0.09999999999999998
 -0.2
 0.1
 -1.15
 -0.5499999999999999
 -0.09999999999999998
 0.15
 0.05000000000000003
 0.4500000000000001
 0
 0.2
 -0.5
 0.3
 0.2
 0.2
 0.05
 0.2
 -0.4
 0
 1.9
 2.05
 0.05
 0.8
 0.6500000000000001
 0.45
 -0.2
 0.15
 0.3
 -1.05
 0.2
 2.15
 0.35
 0.35
 -0.5
 -0.05
 -0.2
 -0.5499999999999999
 -0.8499999999999999
 1.45
 1.4
 1.2
 0.7000000000000001
 -0.4
 0.6500000000000001
 -0.7999999999999999
 0
 -1.65
 -0.45
 3.55
 2.7
 2.7
 1.85
 1.5
 1.1
 1.1
 1.9
 0.5
 -1.05
 -0.7
 -1.15
 -0.9500000000000001
 -0.9499999999999998
 -1.2
 -1.45
 -1.55
 -0.7
 -0.9499999999999998
 -1.05
 -2.5
 -1.25
 -1.4
 -1.75
 -1.75
 -2.15
 -2.7
 -2.2
 -1.8
 -1.05
 -1.8
 -0.09999999999999998
 -0.8999999999999999
 -0.8499999999999999
 -0.3499999999999999
 -0.8499999999999999
 -0.45
 -0.3
 -0.4
 -0.04999999999999998
 -2.5
 -1.9
 -2.3
 -1.95
 -1.75
 -1.4
 -1.3
 -1.35
 -1.05
 -0.8999999999999999
 -1.25
 -1
 -0.04999999999999998
 -0.5
 -0.09999999999999998
 -0.7999999999999999
 -0.6499999999999999
 -0.09999999999999998
 -0.15
 -0.7
 -1.2
 -0.7499999999999999
 -0.6499999999999999
 -0.7499999999999999
 1.05
 -0.8499999999999999
 -1
 -1.1
 -1.3
 -0.7
 -1.45
 -1
 -0.2499999999999999
 -1.2
 -0.15
 -0.7
 -1.3
 -0.7499999999999999
 -1
 -0.8
 -0.8999999999999999
 -1.45
 -0.7
 -1.15
 -0.8999999999999999
 -1.2
 -1.05
 -1.15
 -0.5499999999999999
 -0.7999999999999999
 2.05
 -0.5499999999999999
 -0.2
 -0.7499999999999999
 0.05
 0.4
 0.45
 0.4500000000000001
 -0.15
 0.55
 0.2500000000000001
 0.15
 -0.15
 0
 0
 -0.15
 0.15
 -0.45
 -0.85
 1.7
 -0.7
 -1.3
 -1.5
 -1.8
 -0.9500000000000001
 -0.09999999999999998
 -0.45
 0.45
 -0.09999999999999998
 -0.8499999999999999
 1.65
 1.45
 1.3
 1.05
 0.4
 0
 1.25
 1.15
 0.8500000000000001
 0.5
 1.9
 1.45
 0.9500000000000001
 1.15
 1.7
 1.5
 0.5500000000000002
 0.9500000000000001
 1.65
 0.7500000000000001
 0.6000000000000001
 0.5500000000000002
 0.7500000000000001
 0.2
 0.7
 -0.35
 0.4500000000000001
 0.6000000000000001
 0.55
 0.6500000000000001
 1.15
 1.25
 0.8
 1.1
 0.3
 1.2
 2.3
 -0.45
 1.4
 1.4
 1.55
 1.05
 1.5
 0.8500000000000001
 0.1
 1.05
 0.7500000000000001
 0.8
 0.5
 0.6000000000000001
 0.3
 0
 -0.2999999999999999
 -0.09999999999999998
 -0.6
 0.4500000000000001
 -1
 -0.09999999999999998
 -0.7499999999999999
 0
 0.25
 0.2500000000000001
 -0.7
 -0.15
 -0.1499999999999999
 -0.05
 -0.3499999999999999
 -0.45
 -0.6
 -0.8499999999999999
 0.9
 0.9
 1.8
 0.4500000000000001
 0
 0
 0.7500000000000001
 0.9500000000000001
 -0.5
 -0.2499999999999999
 -0.6
 -0.8
 -1.1
 -0.6499999999999999
 -0.3
 -0.1499999999999999
 -0.8499999999999999
 0.2500000000000001
 0.8
 0
 0.3
 0.6500000000000001
 0.1
 1.15
 1.1
 -0.3
 0.9
 0.7500000000000001
 0.45
 -0.15
 -1.1
 -0.8999999999999999
 -0.2
 0.5
 0.1
 1.2
 0.3
 0.35
 -0.7
 0.2500000000000001
 -1.35
 -0.7
 -0.45
 0.4
 0.2500000000000001
 -0.35
 0.2500000000000001
 0.6500000000000001
 0
 0
 -0.3
 0.2500000000000001
 0.35
 -0.35
 -0.2999999999999999
 -0.2999999999999999
 -0.2499999999999999
 0
 0
 -0.6
 -0.5
 -0.75
 0.15
 -0.7499999999999999
 -0.7
 -0.85
 -0.7999999999999999
 -1.75
 -0.9500000000000001
 -1.15
 -0.7
 -1.8
 -1.3
 -1.2
 -1
 -2
 -1.25
 -1.1
 -1.45
 -1.05
 -0.3499999999999999
 -1.15
 -1.15
 -1.2
 -0.8499999999999999
 -1.65
 -0.2499999999999999
 0.2
 -0.2999999999999999
 -1.05
 -1.2
 -0.4
 -1.4
 -1.25
 -0.8999999999999999
 -0.05
 -0.35
 -1
 -0.2999999999999999
 -1
 -1.5
 -1.5
 -1.7
 -1.85
 -1.85
 -0.2499999999999999
 -1.3
 -1.95
 -1.7
 -1.1
 -1.4
 -2.45
 -0.6499999999999999
 -0.7499999999999999
 -0.2
 -0.35
 -0.05
 -0.15
 -0.8499999999999999
 -2.4
 0
 -0.2999999999999999
 -0.9499999999999998
 -0.8999999999999999
 -1.1
 -0.5
 -0.5499999999999999
 -0.7
 -0.45
 0.6000000000000001
 -0.6499999999999999
 0.5500000000000002
 -0.25
 0.15
 -0.6499999999999999
 -0.09999999999999998
 0.2
 0.6000000000000001
 0.3
 0.2
 -2.25
 -2
 -2.15
 -2.8
 -2.55
 -2.2
 -2.45
 -2.1
 -1.3
 -0.7999999999999999
 -2.1
 -2.1
 -1.85
 -2.6
 -2.9
 -3.7
 -2.7
 -2.15
 -2.4
 -2.3
 -1.1
 -0.4
 -1
 -1.7
 -1.05
 -1.4
 -0.7499999999999999
 -0.8499999999999999
 -0.45
 0
 -2.75
 -2.6
 -2
 -2.1
 -3.3
 -3.55
 -2.95
 -2.8
 -1.85
 -1.95
 -0.15
 -0.8999999999999999
 -1.9
 -0.9500000000000001
 -0.2499999999999999
 -1.25
 -0.9499999999999998
 -1
 -0.6
 -2.9
 -0.9499999999999998
 -2
 -1.8
 -1.35
 -0.5499999999999999
 -1.3
 -0.5499999999999999
 -0.8
 0
 -0.45
 0.15
 -0.5
 0.6000000000000001
 0.2500000000000001
 -0.5499999999999999
 -0.05
 0.5
 0.55
 0.9
 1.25
 -2.45
 -2
 -2.15
 -0.7
 -0.2
 0.7500000000000001
 0.2
 0.4
 0.9
 0.3
 0.4500000000000001
 -0.7
 -1.05
 -0.6
 -0.7
 -1.5
 -1
 -1.05
 -0.9500000000000001
 -0.4
 -1.15
 -1.1
 -1.7
 -1.7
 -1.6
 -2.4
 -1.35
 -2.05
 -1.45
 -0.9500000000000001
 -1.15
 -1.55
 -1.15
 -1.15
 -0.5499999999999999
 -0.2999999999999999
 -0.09999999999999998
 0
 -1.15
 -0.5499999999999999
 -2.7
 -2.9
 -2.9
 -3.55
 -2.1
 -2.85
 -3.05
 -3.15
 -3.05
 -3.1
 0.3
 -0.09999999999999998
 -0.7999999999999999
 -0.7999999999999999
 -0.8
 -1.15
 -1.4
 -0.09999999999999998
 0
 -0.5
 0.05
 -1.65
 -1.5
 -0.2
 0
 -1
 0.5
 -0.5
 0.2
 -0.4
 -0.8999999999999999
 -0.5499999999999999
 -0.6
 -0.4
 -1.1
 -1
 0
 0
 -0.4
 0.35
 -1.5
 -2.1
 -0.5499999999999999
 -0.4
 0.05000000000000003
 -1.1
 -1.5
 -1.4
 -1.15
 -1.45
