# Created by Octave 3.2.4, Mon Nov 19 09:41:00 2012 CST <zac1164@zac1164-VirtualBox>
# name: data_slant_energy
# type: matrix
# rows: 640
# columns: 1
 407051.7383656909
 346022.1585109646
 111001.0681594147
 104412.9603043825
 112096.8868574394
 146347.2950947208
 142176.7332397916
 110707.3858534972
 122944.0270896966
 121173.2920905312
 39948.79933813184
 88882.9261990973
 103521.6774540209
 110978.8267010727
 76759.48003583544
 43064.48418604781
 121420.1295529305
 88290.22772252286
 111648.1850701947
 129864.375986181
 176615.9444190142
 174354.4164609604
 200870.4339621722
 62085.00913072187
 166509.9657619394
 191608.5688180012
 162835.6651159435
 167518.4328123286
 180391.1900738769
 150174.2962362559
 95360.94545351053
 102066.1406129016
 114269.9016619009
 140794.446457388
 129063.362483489
 122193.3069435354
 145381.2602888287
 154664.9743697185
 121770.4764881894
 158932.2991592778
 125794.9885582892
 129104.7773874166
 148506.3963073661
 167866.1908453565
 157421.8265539146
 155542.2260850766
 151370.7603031916
 128172.8660566692
 131515.1242859911
 50214.15184747634
 80754.43728702365
 108550.8389423207
 114115.4090862781
 105926.2537481472
 144805.3955325359
 111880.9337591863
 117395.1707031823
 84745.03210616786
 98250.71418314779
 111760.5381497821
 120806.9332670311
 111023.6579083496
 98419.17120863452
 132414.2326906769
 115302.9433980308
 109836.8671818176
 109641.2017890623
 141570.8407511696
 102756.1450908414
 102151.4403197902
 125520.7080588323
 123161.1861984866
 116869.3985830497
 134077.3480402035
 122648.5787977521
 155182.1142650337
 128338.6791125833
 137949.5541656725
 65997.13617203406
 133137.8393338371
 83847.65055363173
 97513.29200428483
 97849.54083722863
 112095.0958329677
 98690.50302534089
 127321.4551616111
 126565.2955193367
 127101.6190843779
 123031.2212042104
 140835.4072455461
 96457.0257838699
 123440.087887118
 101781.0903523471
 89875.12889398355
 112590.6971118342
 109068.5130969758
 125710.4613651826
 121291.3702046892
 99463.37082066438
 108491.1942825252
 142570.8496154807
 108315.2290065477
 113398.2695477974
 138250.5584209833
 109632.4836138074
 133116.8259695624
 108111.4241942178
 94385.2163141448
 115120.9944170406
 137811.0065929095
 64359.75428540046
 111129.5335533336
 115504.2853921422
 94115.53856878931
 79142.26260614478
 105225.6874571255
 105478.6248984274
 103984.4863846095
 118571.6015194603
 105434.3736142088
 43822.75277965895
 48577.86673515427
 45572.73202878963
 46007.94574423802
 46618.64773175056
 34755.64149964911
 43958.8344298476
 49050.92135008168
 46981.19639604365
 45702.1117957348
 45592.01226843656
 53674.0129524263
 51168.62736967806
 51167.68800013761
 42659.34493650762
 55085.92135460295
 47859.75724952228
 49183.29812479969
 44748.80528585996
 46833.43995984304
 50427.81222679072
 59765.22094654953
 49647.85074228454
 49676.43104160571
 52749.51772648744
 41912.60158828441
 57652.95987884293
 46036.17139230288
 55250.12714541033
 55252.92479406674
 123901.4809130405
 240004.7865194161
 166472.1288741433
 49487.84035562321
 47245.05927034143
 51960.54920787672
 40692.74076234153
 43681.92921818703
 53263.56962465576
 49728.14835868903
 21610.54074708344
 32754.37085348916
 30515.94855403171
 124550.0637779635
 29979.99037184408
 25054.62604798552
 122009.7043913262
 37964.60215902622
 43756.57469120951
 144990.4150635479
 39001.40822593158
 46951.82733624264
 62345.75306662123
 38843.60897374921
 53367.22517591689
 64262.71093928525
 49977.99598509134
 37182.87516238747
 42746.97276633005
 42052.72221092284
 50658.91800924495
 31271.38232574982
 36237.50427198605
 43185.23756560943
 126625.7154398379
 37316.93308751687
 173644.0848870747
 36687.60058139777
 23555.80502798884
 30622.41185511693
 93856.14721319289
 81149.54769221781
 67619.27335806306
 77836.56936179227
 73294.62955380755
 71702.56122741582
 64356.87869176039
 161865.173762009
 81907.75549968329
 58356.52900544198
 156935.8725207866
 135675.4182171814
 123758.7950802847
 30507.26714153757
 37541.74772776547
 32435.56886573781
 38809.86388481641
 134907.383241973
 139355.7204526756
 125597.5668327431
 32335.07246775473
 34338.55122080226
 39146.59346083195
 26117.89065375431
 22711.40323931848
 44114.94028573781
 24446.52615820712
 41745.69410403976
 35409.44220234903
 39213.031528773
 31143.77905512254
 40709.06086222007
 15052.92021044284
 45585.34649970481
 16541.6406651137
 113208.4138012734
 131133.0549175255
 25423.74841899071
 33015.17580571068
 28092.92303131114
 28055.66775329288
 47367.56951150565
 57575.37613401342
 53005.82207747757
 49645.32191647448
 65501.27849732737
 118572.4989745963
 49711.07332008196
 67935.53693843674
 48995.98500327319
 138214.2382637134
 130443.3420838331
 137386.8860591156
 94064.96024043899
 129038.9206157746
 119212.3329209623
 149966.9308622814
 165894.398721757
 120402.6602452523
 150502.9870909105
 116727.6151289536
 112600.5099542218
 127971.9810151748
 125046.4455886529
 54607.2344414012
 54959.86255934679
 107213.0133345913
 35545.16091238091
 39373.94803738361
 165759.9422858064
 115829.6579308854
 132622.4647763291
 177036.572050334
 128397.167459983
 156803.1755489125
 170190.9829564007
 150159.6399204478
 51287.53506274745
 154669.5600448736
 201143.8826763372
 92941.459547839
 75897.64513657514
 72613.79859753678
 87945.60392632878
 51710.76530205552
 36979.81852851075
 57223.79187608733
 72402.21870958275
 78888.50547661629
 82570.55961922578
 27261.96619257614
 51746.78399570398
 27124.48199485077
 23398.40947597447
 30041.1388096764
 26849.30118041567
 24703.69447326392
 53122.96356981
 36624.17585330935
 30903.99481234843
 83053.67707132483
 82546.45491025082
 58357.23894029215
 88280.68753659364
 81627.64254618794
 25544.25991578728
 68089.35410286185
 86748.8782166295
 78566.49408074147
 69102.12582215176
 84152.15268415349
 122889.8980381342
 75762.98647961349
 36259.40132000459
 26429.19335294844
 74998.82545588413
 180580.6987361451
 29360.91641921348
 76152.68273124512
 30895.48604848518
 73271.61438963712
 20850.12030027868
 68348.70890187191
 64229.0374486376
 19486.37831200584
 53238.55220698378
 72012.05054396286
 24720.94004973764
 22516.6638379647
 46947.26237789405
 70628.02713214258
 82427.89897088078
 89154.67377272721
 95349.34047504664
 92218.61086203856
 86657.31655207573
 123409.2076990547
 88575.00197947084
 83310.09030258896
 99958.27191794617
 134597.0060772845
 81706.70769591613
 92399.53704850948
 69657.88977195942
 95983.16110994114
 81041.9209441475
 89231.71184679902
 80031.57216887274
 84225.02031499584
 125478.9422394295
 81783.08594311477
 81105.43887617142
 71215.77122862739
 94219.59441531745
 66832.90291753838
 61277.56328138141
 83236.20718498764
 34431.33991812122
 49390.83684266802
 87830.78802984946
 46506.07472014874
 65043.13197394732
 55653.91922923839
 73006.83817803378
 74496.99629981845
 55372.94486663011
 88859.34990353373
 23590.37581893012
 41786.6224688424
 42010.96832033963
 18783.06877816151
 62521.51500182562
 45553.12050115482
 26254.31927509808
 46524.58328490466
 53787.11331332297
 56077.2986327622
 40249.59557924268
 63153.86462709498
 28263.58002541386
 103375.8904284463
 71384.58297763141
 58260.00002589713
 56264.88828880783
 62789.26949115164
 69366.16795149339
 61735.22553499087
 66690.28601381408
 83207.45178988413
 71271.54230876057
 48432.74679827707
 56197.18746239066
 35186.5705020936
 29083.32594862242
 45282.89130639638
 44843.31492191071
 50479.61321646932
 40688.79648489631
 46531.24165337739
 55770.64345637056
 81249.92561993771
 64109.71260569435
 74545.7357108182
 56609.35406320283
 68750.19491164303
 62553.8616563735
 70333.54571727605
 52097.8849765161
 62307.45526371264
 66923.63322420315
 127103.4924335753
 89247.74994801445
 113896.7121063989
 141728.1232969764
 102241.3358962193
 89988.0283414568
 269546.6275637636
 77892.69950247092
 152851.8000519532
 125143.5055674361
 110254.7150958207
 73724.17682009144
 94768.79231287993
 48355.56730650966
 48293.54459595003
