# Created by Octave 3.2.4, Mon Nov 19 00:02:20 2012 CST <zac1164@zac1164-VirtualBox>
# name: data_slant
# type: matrix
# rows: 640
# columns: 4
 0.01848011214774463 0.3960174423298775 -0.3775373301821329 0.588251687003603
 0.005974626797883198 0.4050702385161844 -0.3990956117183012 0.573304303392504
 -0.001331288479572456 0.4490340204927625 -0.450365308972335 0.553312225009252
 0.02684549388128054 0.4774845621452555 -0.4506390682639749 0.5804808816162965
 0.004804357894701666 0.4677866559725531 -0.4629822980778515 0.5627092967628767
 0.04957510781329622 0.4624803834485494 -0.4129052756352532 0.6186985110724813
 -0.04430320561043147 0.4260632850483356 -0.4703664906587671 0.5209291886432499
 0.003454880838119218 0.4435971935754336 -0.4401423127373144 0.568486221826569
 -0.03341551914273004 0.4405613448325679 -0.473976863975298 0.5377050501793559
 0.01039902951402119 0.4544184818677493 -0.4440194523537281 0.5695032126625921
 0.000987669003804735 0.55482005284279 -0.5538323838389853 0.5268402217388254
 -0.01078634889105058 0.4716200601009601 -0.4824064089920107 0.5329661428802851
 0.005155444523137343 0.4435972182767308 -0.4384417737535935 0.5672141732919004
 -0.01291431040875144 0.4515126600115479 -0.4644269704202994 0.5442064377187248
 0.02578490326589043 0.5116039508558633 -0.4858190475899729 0.553268977621764
 0.02369686900606412 0.5267908164129347 -0.5030939474068704 0.5558320571720266
 0.03755726472371306 0.4490687261509992 -0.4115114614272862 0.5924430227908837
 0.0574585356294785 0.4976438148328163 -0.4401852792033377 0.6007802892158941
 0.01700688475688086 0.4446900823019705 -0.4276831975450897 0.5760210693532879
 0.04374797851969598 0.4649206365205273 -0.4211726580008314 0.6034312609124725
 0.003720844386112033 0.3654308535720545 -0.3617100091859425 0.5327741010833369
 -0.02242430242212076 0.3519506311678423 -0.3743749335899632 0.5232970576380491
 -0.02401422294568219 0.3581124996761134 -0.3821267226217956 0.5200676982591876
 0.02274494371445451 0.4063301729054965 -0.383585229191042 0.5413665743305632
 -0.02359650367288803 0.3487813907366091 -0.3723778944094972 0.5227960778997786
 -0.02391781076519918 0.3487335177206063 -0.3726513284858055 0.5188687354938537
 -0.01800405906245834 0.374262406390396 -0.3922664654528543 0.5287570395991309
 -0.0126330778912061 0.3576153318025169 -0.370248409693723 0.5245023696682465
 -0.008223869793320132 0.3536356099046707 -0.3618594796979909 0.528317086924998
 0.005612502066057504 0.3903710748461673 -0.3847585727801098 0.5479568544958152
 -0.004454137988136258 0.4873000333491557 -0.4917541713372919 0.5493746794492445
 -0.002002123042036921 0.4654360515187873 -0.4674381745608242 0.5504869075957585
 -0.08156265099317903 0.4117977738668663 -0.4933604248600454 0.4933835810029549
 -0.06332386040189994 0.4013695915707287 -0.4646934519726287 0.515362132877103
 -0.04028768093848633 0.4025226040259079 -0.4428102849643942 0.5383629229633659
 -0.05225228908630971 0.3988235376790244 -0.4510758267653341 0.5401261230131306
 -0.03382732628551552 0.4058479712567437 -0.4396752975422591 0.5580196177257395
 -0.0579245945858308 0.3822998701097396 -0.4402244646955704 0.5334096586178185
 -0.04574957161790352 0.4210671394022784 -0.4668167110201818 0.5331171838814266
 -0.008945144092935477 0.4026728120842184 -0.4116179561771539 0.5702458423716559
 0.003438731746893093 0.4212970822624488 -0.4178583505155557 0.5922873703718308
 0.01264934456407279 0.4479633981883311 -0.4353140536242583 0.5829782101793037
 0.04580571316936218 0.4511012999081833 -0.405295586738821 0.6083528037383178
 0.02946999640031255 0.436378402670599 -0.4069084062702864 0.6063213218618381
 0.03698030360863468 0.4439006195681017 -0.406920315959467 0.6108379806281186
 0.03011180724659561 0.4292436081155552 -0.3991318008689596 0.6065348237317283
 0.03623773927714177 0.4416701431050254 -0.4054324038278836 0.6128285786600137
 -0.00020312943928011 0.4255094755404222 -0.4257126049797023 0.582389449185415
 0.01292832361287366 0.4368585501977557 -0.4239302265848819 0.5952065054568799
 0.001631958199999056 0.5284557552940301 -0.526823797094031 0.546833855799373
 0.00651840501084185 0.4809767774379844 -0.4744583724271426 0.5684155481959212
 0.01141587299800598 0.4287519997495818 -0.4173361267515758 0.5922167353780637
 0.0264490754997491 0.4425660491113797 -0.4161169736116306 0.6014505417686123
 0.04143934793555436 0.4676308443632394 -0.4261914964276851 0.5890632308542756
 0.04849371725294555 0.4392965726929945 -0.390802855440049 0.6258484276476967
 0.0176342212927238 0.4433648263182819 -0.4257306050255582 0.5962162431987221
 0.03767711285279186 0.4704634985249772 -0.4327863856721853 0.6076298030574301
 0.04226434250582239 0.4941304418652886 -0.4518660993594663 0.594181958291191
 0.04180024635768054 0.4608114706476756 -0.4190112242899952 0.6098782448885826
 0.07453785767047749 0.4992348406626887 -0.4246969829922111 0.6248481166464156
 -0.009671350681390772 0.4284436471799278 -0.4381149978613185 0.5632175311319696
 0.01834480127083398 0.4607330423803422 -0.4423882411095083 0.5721477809619704
 -0.00380724770548783 0.447856542617064 -0.4516637903225518 0.5507648983940939
 -0.02758590813327386 0.4114532371786331 -0.439039145311907 0.5418692402583267
 -0.005629490312667165 0.4435787419253606 -0.4492082322380277 0.561734068627451
 0.02799493984529686 0.484670464062734 -0.4566755242174371 0.5774499044831931
 -0.02396177439894808 0.4178151305505973 -0.4417769049495454 0.5613364361702128
 -0.02440769774992459 0.4242757220170106 -0.4486834197669352 0.5509473370132776
 -0.01553100177991048 0.4617216980125708 -0.4772526997924812 0.5410042691603985
 0.04524884512537886 0.5110682825436108 -0.465819437418232 0.5830980314177769
 -0.0544124746275701 0.3689314889404268 -0.4233439635679968 0.5032158710028082
 -0.09091675195532799 0.3462108932206437 -0.4371276451759717 0.4881765869447941
 -0.07736894058083299 0.3649300967150605 -0.4422990372958935 0.4967218924426331
 -0.02761167562998038 0.3781658586851875 -0.4057775343151679 0.5188301777832777
 -0.01851695137208998 0.3809360574211162 -0.3994530087932062 0.5234307531475842
 -0.05767853812528509 0.3416473256359285 -0.3993258637612136 0.4938574938574938
 -0.04710583801202261 0.3516057774281849 -0.3987116154402075 0.5029674904774559
 -0.01512231039260172 0.3607233395441574 -0.3758456499367592 0.5224928366762178
 -0.0552920967740245 0.3858699737347179 -0.4411620705087425 0.514755959137344
 0.004612371414467839 0.3759554055929842 -0.3713430341785164 0.5426262232825356
 -0.01909677535267814 0.4561318192648942 -0.4752285946175722 0.5318955544538093
 -0.02521820649504342 0.4486371528900926 -0.473855359385136 0.5248944845840189
 -0.02135390607554645 0.4659755430111412 -0.4873294490866876 0.5386184337117568
 -0.04960354412150832 0.4038027728147437 -0.4534063169362521 0.513223356899712
 -0.0290403285912259 0.4322625022229119 -0.4613028308141378 0.5292929292929293
 -0.05331917528526318 0.4130393329383402 -0.4663585082236033 0.5157103825136612
 -0.03220937475095263 0.4268054275795476 -0.4590148023305001 0.5344453217528622
 -0.05487545475315338 0.4081938667626158 -0.4630693215157691 0.5155685766846085
 -0.02637297785745604 0.4442023402778653 -0.4705753181353213 0.5306634990666893
 -0.03514717503115244 0.4215728840321674 -0.4567200590633198 0.5319311177479824
 -0.02173997443330761 0.435319945035872 -0.4570599194691796 0.5490596058912325
 -0.02913468888762002 0.4315093868759873 -0.4606440757636072 0.5437013181545836
 -0.04984348573103498 0.4425940280836369 -0.4924375138146718 0.5152281159538468
 -0.03921695640929317 0.4645518973879114 -0.5037688537972046 0.5164129688698672
 -0.03636152321975385 0.4260408248981383 -0.4624023481178922 0.532819710896678
 -0.05817188286523703 0.40297173721594 -0.4611436200811771 0.5185068390555402
 -0.03774125696310453 0.4160961455782606 -0.4538374025413651 0.537442085982114
 -0.03798430189913259 0.4045329281365373 -0.4425172300356699 0.540708061399351
 -0.03010184389948608 0.443828815671281 -0.4739306595707671 0.5354595048258498
