# Created by Octave 3.2.4, Tue Oct 30 20:08:14 2012 CDT <zac1164@zac1164-VirtualBox>
# name: data
# type: matrix
# rows: 96
# columns: 1
 1.313255217868913
 1.07302859224185
 0.8983001598140345
 1.600751879699248
 1.345553453169347
 0.9547695970073117
 1.62473604826546
 1.264759036144578
 1.420633378667185
 0.9967935871743487
 0.7661552766155276
 1.070591959480848
 2.429385359116022
 1.904317207593386
 2.153407290015848
 4.018778226764915
 5.655543969412583
 2.096305595408895
 3.782422947818126
 1.930749682337992
 0.496962760806409
 2.653905053598775
 1.599206891836456
 1.166358784893268
 2.251950585175553
 3.548352816153029
 1.97860117765331
 3.413751507840772
 2.793504786934485
 2.197586260250658
 0.5754078444984381
 2.714497041420118
 2.065430585350904
 2.038040967195441
 1.533344256922825
 1.054990757855823
 1.104534829359514
 1.474542758279783
 1.387075430083811
 1.719944566347153
 0.8499392900507107
 1.498449879435067
 1.247296946630914
 1.249445324881141
 1.234550839091807
 2.314384989576094
 0.7611711504560436
 2.464278567140284
 1.772813549423274
 2.566863716248602
 1.471727435744172
 1.843436938094015
 1.735048391099347
 1.627604512276045
 1.713183649971215
 1.471204188481675
 2.022133757961783
 0.8011310958650102
 2.077872572154656
 0.6208010335917312
 3.385038728088055
 1.403718091009989
 1.21372061482821
 1.099203475742216
 0.6912896808234582
 3.009710283349252
 0.9843128827764048
 1.168267419962335
 1.578737626944337
 0.9271182885906041
 1.335235920852359
 1.597388465723613
 0.7870608397600686
 1.258387581372058
 1.824578406667959
 2.946605644546148
 0.8602941176470589
 3.137517773715214
 1.111468381564845
 1.605941194301303
 1.785480943738657
 0.8172522773749767
 1.248043585933631
 1.951876019575856
 1.928235294117647
 1.456765297328354
 2.104974704890388
 2.325209166969807
 0.6072874493927125
 2.027984735598764
 0.6209141078251026
 1.718438177874187
 1.574956921309592
 2.168989547038327
 1.552928932500743
 1.131753948462178
