# Created by Octave 3.2.4, Tue Oct 30 20:11:35 2012 CDT <zac1164@zac1164-VirtualBox>
# name: data
# type: matrix
# rows: 96
# columns: 1
 13.34031172531736
 12.50168439403312
 14.11801463492904
 12.94041623829135
 11.71077617931885
 12.27585058026905
 12.59781824817548
 12.2422506949636
 11.90631517290525
 12.67354161990755
 12.36166535990975
 12.39102901663167
 15.19151034008122
 14.84259076383913
 14.03661665608858
 14.50952458550101
 14.38052179811508
 14.51126554637741
 13.9303447171514
 15.3260646318212
 13.96202689385208
 13.84170703915598
 15.28987350724386
 14.61341732579703
 13.87227503758835
 14.71594205496529
 15.03656416361973
 14.07136255539241
 14.12163217147203
 14.0319957010846
 14.29342111423742
 15.23014279655233
 14.92128410785211
 14.78455539533019
 15.026689089615
 17.39551643521823
 16.74479070265036
 17.23249931897445
 17.13815175146736
 16.60378259658312
 17.86243929111181
 18.32028310378174
 14.21473130273686
 16.97452678872681
 17.72518024196338
 17.97788930040293
 18.10764471746701
 15.74132512707941
 18.20512304032676
 19.97738985149824
 18.09638992383636
 16.54652068969831
 16.72823009992122
 17.93898385635035
 19.465248865505
 17.12399752067419
 17.83790014167281
 16.49374764461755
 17.665933842188
 17.53827254071669
 18.70596376231282
 18.37771304978578
 17.69783694745935
 17.15768700450559
 16.28810279444262
 16.88981181856284
 15.12077129462583
 18.81378730735813
 16.19954887221749
 18.46011824245586
 16.48467629836045
 17.36071331357997
 16.90279559318109
 18.15311712911998
 17.66483193048465
 14.50157548620755
 17.97211046540941
 17.22203596728404
 15.39264642947505
 16.41939719290948
 18.83436607227387
 18.72964287829686
 16.63414054997721
 16.91232906848441
 13.4555101603909
 14.47493347253652
 14.23705991692269
 15.42566313091939
 14.55639102339059
 14.51757651166617
 13.56829455118661
 14.89088224171961
 14.58008079731429
 14.67171548275628
 13.57010300706374
 14.00348647844049
