# Created by Octave 3.2.4, Thu Nov 01 02:00:04 2012 CDT <zac1164@zac1164-VirtualBox>
# name: data_asc
# type: matrix
# rows: 250
# columns: 1
 1.049707602339181
 0.8502296587926509
 0.9329399141630901
 0.6843889868438898
 0.8714415505754088
 0.9435386991590871
 1.07698709945901
 0.9453152211772902
 1.183127154735348
 1.264241893076249
 1.207484188334505
 1.020497547302032
 0.8029084158415841
 1.056076484647913
 0.6567469689812628
 1.203125
 1.800050492299924
 1.078395438810833
 0.9807892004153687
 1.446793002915452
 1.058778332693046
 0.9333456425406204
 0.8495891389782065
 0.9910649161196207
 1.290667166416792
 2.836731417563012
 6.254040758959944
 3.205432595573441
 2.968360498561841
 4.490810251100181
 2.347698672642648
 1.674959754134348
 5.811135716545397
 4.666488508818813
 3.625729510276579
 1.246618222470654
 1.271637235666013
 0.3889714826327882
 1.286317192358952
 1.947534102833159
 1.116267648864334
 3.188118811881188
 2.330926594464501
 2.367907943103724
 3.627409447151027
 1.5282860901806
 4.49230330672748
 3.473722450956648
 2.302016724053123
 1.897806240632239
 0.4864169094234808
 0.5257168193910731
 0.5881131585777316
 3.895597484276729
 0.5266403728935102
 2.708177667081777
 4.640295647413085
 2.278455284552845
 3.18225315354502
 0.5627580511973576
 4.742506423065944
 1.530200633579725
 3.689907362262311
 2.473529803973863
 3.008785332314744
 1.774678738317757
 3.512847294756633
 3.806162336169234
 3.393421723610403
 5.408501658124812
 1.203686348016245
 3.050745690490025
 1.379960561991619
 1.801107266435986
 2.657439446366782
 1.07976551868523
 1.857000993048659
 2.634216177523264
 2.082982412682685
 1.839417718639827
 1.929110301768991
 1.385710894849276
 1.748115051661547
 1.432435159955596
 1.366280252186292
 0.9269537194521529
 1.223450029336984
 1.149949031600408
 1.762778212727883
 1.660120680197477
 1.667586524088766
 1.252496006389776
 1.448502556610665
 1.053740486356042
 0.7544823858005225
 1.672986313663899
 1.565043156596794
 0.9839544513457557
 0.9758629420204237
 1.368627879052505
 1.867699867699868
 1.333992876929165
 1.140475102786661
 2.100933908045977
 1.453182104599874
 1.848394675019577
 1.635696168735816
 1.380821917808219
 0.9682102865818941
 1.490650259379901
 1.834657398212513
 1.166479442821838
 0.7873569365707562
 1.918754988028731
 1.079428192748272
 1.874622624755816
 1.046400332917187
 1.925750153092468
 1.640498899486427
 0.9108749864469262
 1.980022555179636
 1.877999376752882
 1.129511947127605
 1.058288313903895
 1.760673830961371
 1.192858820765798
 1.358659217877095
 0.9937789543348776
 0.446095111627521
 0.4373549883990719
 1.624911835237692
 1.100122399020808
 2.163667687595712
 2.292992306092743
 0.9340890008396305
 0.9172372372372373
 3.651249335459862
 1.398759689922481
 4.863842173350582
 2.664636896707262
 1.567820392890552
 1.968292682926829
 1.530719315200884
 1.531375935521013
 1.158593231585932
 1.187177397446346
 2.416635231987929
 1.2723271168771
 1.667537557152188
 0.8581119926411406
 1.432906947579634
 1.570826952526799
 1.210536739948505
 2.892536065231027
 2.714159760183389
 1.301378381179397
 1.461175081192796
 1.669876382563435
 1.3984248320593
 2.205751819634298
 2.376887232059646
 2.702145386377838
 1.920336037079954
 1.425254452926209
 1.896532896532896
 1.037888900297772
 2.356422196352348
 1.006442376521117
 0.8363770522043903
 1.188073878627968
 1.933377748167888
 1.707264138899528
 2.722915963550455
 1.44076806248644
 2.472141212586339
 2.106623833562796
 2.525266760620092
 1.978085351787774
 3.133217993079585
 1.922404857100548
 3.545150501672241
 2.739689578713969
 2.915838150289017
 4.290290944753187
 2.726793490717396
 2.742720382927802
 1.676190476190476
 2.156533784823765
 0.6926838269213027
 3.540882061446977
 2.685404673213681
 1.607292117019743
 0.5462406015037594
 0.9050840712366929
 1.131193901389401
 0.8058835934204976
 3.201245229965857
 3.449471354806983
 2.308164619980086
 1.781383112002004
 1.874563852058618
 1.101011427820833
 0.8170023477078957
 0.6448475289169295
 1.842273180458624
 1.026226323457989
 1.743737242531082
 2.357629568449308
 2.048656979304271
 0.854419410745234
 1.57783241914129
 1.313193588162762
 1.43242814038431
 2.65950991831972
 1.609731373542828
 1.06808572678233
 1.463549522373052
 2.071336595415916
 1.027573264039267
 1.290177880897138
 2.056170212765958
 1.609657594381036
 1.455901015228426
 2.525556680161943
 2.055402750491159
 1.630984146915712
 1.113901142404705
 0.7950022114108801
 1.437182448036951
 1.998066339431801
 1.440540898846613
 1.42245915258931
 1.753989531469424
 1.908808933002481
 1.247894736842105
 2.959047056507186
 1.589403973509934
 2.217175301632363
 2.25270087778528
 1.439164490861619
 1.855113636363636
 2.146904512067156
 0.8596224116930572
 1.488419341731004
 0.9024850581944007
 1.51128780349283
 1.511520737327189
 1.428230734833805
 0.9201152184349496
 3.053134467490096
