# Created by Octave 3.2.4, Fri Nov 02 16:24:20 2012 CDT <zac1164@zac1164-VirtualBox>
# name: data_curv_direct
# type: matrix
# rows: 250
# columns: 8
 0.08916274012323305 0.2276187024284161 0.08118883653497644 0.1482421167089525 0.04313156940920623 0.1714389271475172 0.06342877854295034 0.1757883291047481
 0.08002735978112176 0.2445280437756498 0.09062927496580027 0.1265389876880985 0.02599179206566347 0.1857045143638851 0.08310533515731874 0.1634746922024624
 0.09172105805565098 0.2521470285125387 0.07557540364136035 0.1353486774304363 0.0395053246307111 0.1958090003435246 0.06355204397114393 0.1463414634146341
 0.08130582075762242 0.2312904219279335 0.07453033569448722 0.1465968586387434 0.04619648906683092 0.1903295349553434 0.06621496766245766 0.1635355712965815
 0.0838176812480881 0.2646069134291832 0.08137044967880086 0.1049250535331906 0.03670847353930866 0.2226980728051392 0.07005200367084735 0.135821352095442
 0.09333333333333334 0.2213333333333333 0.08799999999999999 0.139 0.04366666666666667 0.1776666666666667 0.07433333333333333 0.1626666666666667
 0.08684759916492693 0.2267223382045929 0.08935281837160751 0.1386221294363257 0.04509394572025052 0.17160751565762 0.07640918580375783 0.1653444676409186
 0.0939980946332169 0.2187996189266434 0.09907907272149889 0.1451254366465545 0.0387424579231502 0.1667195935217529 0.07970784375992379 0.1578278818672594
 0.09393539881344759 0.2214897824653922 0.09162821357943308 0.1400791034937376 0.04317732366512855 0.1895187870797627 0.05833882663150956 0.1618325642715887
 0.1024096385542169 0.2078313253012048 0.09412650602409639 0.1362951807228916 0.06061746987951807 0.172816265060241 0.07454819277108433 0.151355421686747
 0.1033986175115207 0.2188940092165899 0.07200460829493087 0.1503456221198157 0.04435483870967742 0.1722350230414746 0.07085253456221198 0.1679147465437788
 0.08917775090689238 0.2143288996372431 0.07799274486094317 0.1692865779927449 0.04081015719467956 0.1804715840386941 0.06831922611850061 0.1596130592503023
 0.1075635461872288 0.2207067575945443 0.08431494110353378 0.1326720396776193 0.04866707997520149 0.1704897706137632 0.07377557346559206 0.161810291382517
 0.09274983670803397 0.2410189418680601 0.08883082952318747 0.1290006531678641 0.03527106466361855 0.1822338340953625 0.07217504898758981 0.1587197909862835
 0.08154235145385588 0.2288242730720607 0.08944374209860935 0.1248419721871049 0.03824273072060683 0.1905815423514539 0.08122629582806574 0.1652970922882427
 0.09357030841610037 0.2281756403554626 0.08285415577626765 0.1387872451646628 0.04260324098274961 0.1860951385258756 0.07553580763199164 0.1523784631468897
 0.09033679571923198 0.2149826880705068 0.07900535096002519 0.1567516525023607 0.03714195782184451 0.1800440667296191 0.06956248032735285 0.1721750078690589
 0.1071428571428571 0.2211981566820277 0.08602150537634409 0.1443932411674347 0.04032258064516129 0.1612903225806452 0.07910906298003072 0.1605222734254992
 0.09006211180124224 0.2124223602484472 0.08012422360248447 0.1388198757763975 0.05 0.1888198757763975 0.08385093167701864 0.1559006211180124
 0.1005064277366576 0.201791975068173 0.09037787300350604 0.1476431632255551 0.04752629528632645 0.1737436696532918 0.0724581223217764 0.1659524737047137
 0.09550561797752809 0.2128222075346993 0.08129543952412426 0.1411103767349637 0.04196959682749504 0.1781229345670853 0.07336417713152676 0.1758096497025776
 0.08857142857142856 0.2271428571428571 0.1014285714285714 0.1432142857142857 0.03714285714285714 0.1739285714285714 0.075 0.1535714285714286
 0.09146782357194505 0.2404193781634129 0.09580621836587129 0.1214750542299349 0.04229934924078091 0.1673897324656544 0.08026030368763558 0.160882140274765
 0.09076803723816912 0.2090768037238169 0.104344453064391 0.1408068269976726 0.0430566330488751 0.1656322730799069 0.08145849495733126 0.1648564778898371
 0.0875187969924812 0.2270676691729323 0.09112781954887218 0.1395488721804511 0.03879699248120301 0.1813533834586466 0.07609022556390978 0.1584962406015037
 0.05613701236917221 0.2043767840152236 0.05651760228353948 0.2207421503330162 0.01941008563273073 0.1623215984776404 0.05156993339676499 0.2289248334919125
 0.05489443378119002 0.1744721689059501 0.05758157389635317 0.2431861804222649 0.02437619961612284 0.1385796545105566 0.05047984644913628 0.2564299424184261
 0.05352657004830918 0.2141062801932367 0.05951690821256039 0.2003864734299517 0.02628019323671497 0.1742995169082125 0.05932367149758454 0.21256038647343
 0.04600040708324853 0.1905149603093833 0.0508854060655404 0.2222674536942805 0.02401791166293507 0.1671076735192347 0.05332790555668634 0.2458782821086912
 0.05216374269005848 0.1899415204678362 0.04935672514619883 0.2252631578947368 0.02198830409356725 0.1632748538011696 0.05076023391812866 0.2472514619883041
 0.04960103515203795 0.1908561569980591 0.05067931852490835 0.2380849687297822 0.02436920422687082 0.1593702825102437 0.04787578175544533 0.2391632521026526
 0.04760793465577597 0.2 0.05694282380396733 0.2140023337222871 0.01866977829638273 0.1659276546091015 0.05740956826137689 0.2394399066511085
 0.05335425657120439 0.1898783836798745 0.0559042761867399 0.217928599450765 0.02334248724990192 0.1683012946253433 0.05708120831698706 0.234209493919184
 0.04650261577213718 0.2096492927727185 0.05347800813795776 0.2179810114318931 0.02208874249176516 0.1683782212749467 0.05870955241232319 0.2232125557062585
 0.06404582140067691 0.1731319968758136 0.05831814631606352 0.231970840926842 0.02629523561572507 0.139807341838063 0.05050768029159073 0.2559229367352252
 0.05808185200496073 0.1765192228193468 0.05167424555601488 0.2176519222819347 0.03141794129805705 0.1593633732947499 0.05105415460934271 0.2542372881355932
 0.05218855218855219 0.1546950991395436 0.04938271604938271 0.2605686494575383 0.02506546950991395 0.1333707444818556 0.04620276842499065 0.278526000748223
 0.05023607176581681 0.1918791312559018 0.05457979225684608 0.2347497639282342 0.0226628895184136 0.1484419263456091 0.04891406987724268 0.2485363550519358
 0.04256224728665674 0.2143009150883167 0.05405405405405406 0.2062140881038519 0.02106831240689508 0.1776973824217919 0.05894871249201958 0.2251542881464141
 0.03974136571518688 0.1580192398675288 0.05582715659990538 0.2464910897334805 0.02176312884403091 0.1435104873048415 0.05440782211007728 0.2802397098249487
 0.05215123859191656 0.1697522816166884 0.05997392438070404 0.2427640156453716 0.02555410691003911 0.1468057366362451 0.05788787483702738 0.2451108213820078
 0.05367231638418079 0.1783696529459241 0.04903147699757869 0.2314366424535916 0.02300242130750605 0.1692897497982244 0.05407586763518967 0.2411218724778047
 0.05422955422955423 0.1909441909441909 0.05317655317655318 0.2204282204282204 0.02228852228852229 0.1704106704106704 0.05124605124605124 0.2372762372762373
 0.03852703277990634 0.1856108982545764 0.05683269476372925 0.224563644103874 0.01958280119199659 0.1702852277564921 0.05598126862494678 0.2486164325244785
 0.05901230165804956 0.1830985915492958 0.05544660367266892 0.2241041183811731 0.02317703690497415 0.1625958281333571 0.05598145837047602 0.2365840613300053
 0.05323901712583768 0.201042442293373 0.04430379746835443 0.2097915115413254 0.02810871183916605 0.191734921816828 0.05026061057334326 0.2215189873417721
 0.04972147720239323 0.1869197441716526 0.05776769135547762 0.2217866721683515 0.02290076335877863 0.1700020631318341 0.05776769135547762 0.2331338972560347
 0.04811411992263056 0.1883462282398453 0.05004835589941973 0.20357833655706 0.02587040618955513 0.1806092843326886 0.05391682785299807 0.2495164410058027
 0.05382821609016712 0.1803342401865527 0.04450058297706957 0.2368830159347066 0.02565099106101827 0.1509910610182666 0.05266226195102992 0.2551496307811893
 0.05909001378766988 0.2089816820957258 0.05751428008666536 0.2046484144179634 0.02796927319283041 0.1749064408115029 0.0531810124089029 0.2137088831987394
 0.05761316872427984 0.3043743331809176 0.04206675811614083 0.1022709952751105 0.03261697911903673 0.3066605700350556 0.04801097393689986 0.1063862216125591
 0.05555555555555555 0.3238482384823848 0.0391260162601626 0.0975609756097561 0.02540650406504065 0.2999661246612466 0.04251355013550136 0.1160230352303523
 0.06179378531073446 0.3393361581920904 0.04272598870056497 0.07397598870056497 0.03195621468926554 0.3140889830508475 0.0490819209039548 0.0870409604519774
 0.06038320108380105 0.3199148442035998 0.04625508031739888 0.0940584478420747 0.02883684923553319 0.2972711437971744 0.04586800851557964 0.1074124250048384
 0.04778156996587031 0.3126659082290482 0.03981797497155859 0.1162305650360258 0.02654531664770573 0.2940841865756542 0.04569586651497914 0.1171786120591581
 0.05393013100436681 0.2897379912663756 0.04432314410480349 0.1384279475982533 0.02292576419213974 0.2587336244541485 0.05021834061135371 0.141703056768559
 0.05669877408056042 0.295753064798599 0.037215411558669 0.1129597197898424 0.02933450087565674 0.2887478108581436 0.05035026269702277 0.1289404553415061
 0.06118881118881119 0.2972027972027972 0.04292929292929293 0.1188811188811189 0.02913752913752914 0.2766122766122766 0.0472027972027972 0.1268453768453768
 0.06046878077604885 0.2857987000196966 0.04510537719125468 0.1256647626551113 0.02993894031908607 0.2682686625960213 0.04805987788063817 0.136694898562143
 0.05237830834721451 0.2913196372385712 0.03886729594669628 0.1193781232648529 0.02887284841754581 0.2809550249861188 0.04738108458263927 0.1408476772163613
 0.05219240837696335 0.2100785340314136 0.04106675392670157 0.2054973821989529 0.02945026178010471 0.1899541884816754 0.04662958115183246 0.225130890052356
 0.05033003300330033 0.2391364136413641 0.0429042904290429 0.1765676567656766 0.03259075907590759 0.2266226622662266 0.04482948294829483 0.187018701870187
 0.04544638045626011 0.2586671456798994 0.04832045985270343 0.158074366804383 0.02550745464343452 0.2385485899047961 0.04814082989042572 0.1772947727680977
 0.06754708811431046 0.266507902143321 0.0378869885256549 0.1491664862524356 0.02208270188352457 0.2448581944143754 0.05001082485386447 0.1619398138125135
 0.06065284516982797 0.2353330392589325 0.04477282752536392 0.1810763123070137 0.0282311424790472 0.211733568592854 0.05249228054697839 0.1857079841199824
 0.04322972490175062 0.3065380493033226 0.04215791354055019 0.1070025008931761 0.0262593783494105 0.2918899607002501 0.05019649874955341 0.1327259735619864
 0.0511587982832618 0.2793133047210301 0.04566523605150215 0.1363090128755365 0.02746781115879828 0.2552789699570815 0.04995708154506438 0.1548497854077253
 0.04792548687552921 0.31346316680779 0.04132091447925487 0.1031329381879763 0.02557154953429297 0.2900931414055885 0.05198983911939035 0.1265029635901778
 0.05014691478942213 0.2883447600391773 0.03898139079333986 0.1288932419196866 0.0346718903036239 0.2669931439764937 0.04720861900097943 0.1447600391772772
 0.05619353850865105 0.2872454448017149 0.03552289082835706 0.1206553360894197 0.03889144082070127 0.2792834175470831 0.04149441126933089 0.140713520134742
 0.04375764993880049 0.2925336597307222 0.0417686658506732 0.1320379436964504 0.02585679314565483 0.260250917992656 0.04712362301101591 0.1566707466340269
 0.05015197568389058 0.2769334684228301 0.03461668355285377 0.1484295845997974 0.0287065180682202 0.2524484971293482 0.04576156703816278 0.162951705504897
 0.04825684459326374 0.2909198345479614 0.04293874335237345 0.1309828638960016 0.02737837305495371 0.2649202284813866 0.0531810124089029 0.1414220996651566
 0.0461774286261736 0.3092546464840008 0.03736347959379192 0.1164974132975666 0.02682506227246599 0.2826211917991953 0.04732707415213643 0.1339337037746695
 0.0507791509940892 0.2528210639441161 0.03600214938205266 0.1671144545943041 0.03197205803331542 0.2329392799570124 0.03815153143471252 0.1902203116603976
 0.07052297939778129 0.2906101426307449 0.06953248811410459 0.1071711568938193 0.03585578446909667 0.2634706814580032 0.06794770206022187 0.0948890649762282
 0.07444005270092227 0.2944664031620554 0.05753184014053579 0.09574000878348704 0.04677206851119894 0.2817303469477382 0.06675450153711024 0.08256477821695213
 0.07267511355486493 0.2981114032990677 0.06574229022232847 0.1037532871145111 0.02916567057136027 0.271097298589529 0.06335166148697108 0.09610327516136744
 0.06854474239228683 0.3275082856282013 0.05845134076529075 0.08104850858692378 0.03811388972582103 0.3061163000903886 0.05242542934618861 0.06779150346489907
 0.06321535481598874 0.3359746434231379 0.05405881317133298 0.07554146856840993 0.03028702236309209 0.3164289487585842 0.06022187004754358 0.06427187885191055
 0.0683086395997691 0.3292284010005773 0.05041370021166058 0.07715989994227439 0.03097941119876852 0.3011352703482779 0.05657109871079469 0.08620357898787762
 0.06869859700048379 0.2827769714562167 0.05684567005321722 0.1265118529269473 0.03507498790517658 0.2418964683115626 0.0660377358490566 0.1221577164973391
 0.07510431154381085 0.3026425591098748 0.05201668984700974 0.1107093184979138 0.03616133518776078 0.2653685674547983 0.05869262865090404 0.09930458970792767
 0.07180903531268495 0.3130795028605248 0.0615506016965871 0.08443479976326691 0.03846912606036693 0.2884198066679818 0.06076149141842573 0.08147563622016177
 0.06123987186734502 0.3073299415865838 0.05445637836819296 0.09496890898812889 0.03259845487092519 0.2956472583380441 0.06010928961748634 0.09364989636329377
 0.0761884990658086 0.3167946854888935 0.06207182893917376 0.09155075773302886 0.03342329250570895 0.2752750674693793 0.06310981938966162 0.08158604940834545
 0.0680371111515372 0.3250864107695107 0.04911770056394397 0.07513189012188466 0.03711115153720211 0.3107149354193196 0.05621247953429143 0.07858832090231035
 0.05946481665014866 0.3262636273538156 0.05569871159563924 0.0798810703666997 0.02874132804757185 0.3020812685827552 0.05906838453914767 0.088800792864222
 0.06786990035721001 0.3316412859560068 0.04812934762173341 0.07200601616845272 0.0340289528106787 0.3164128595600677 0.0580936266215454 0.07181801090430533
 0.06299212598425197 0.323041856610029 0.04040613344384583 0.08868628263572316 0.03211769581433899 0.3126813095731454 0.05180273518441774 0.08827186075424782
 0.07568590350047304 0.3146641438032167 0.05354777672658467 0.07776726584673604 0.04162724692526017 0.2961210974456008 0.05752128666035951 0.08306527909176915
 0.07125416204217536 0.3225305216426193 0.06082130965593785 0.07502774694783573 0.03706992230854606 0.2901220865704772 0.05793562708102109 0.08523862375138734
 0.07505033864177192 0.3304045396302398 0.05143693941058027 0.06388431264872781 0.03276587955335896 0.3172249679663189 0.05326743547501373 0.07596558667398864
 0.06507360785150416 0.3315553659056966 0.0484318327288244 0.07318113932152763 0.03349690633667591 0.3219543417964583 0.05056539364198848 0.07574141241732452
 0.05883495145631068 0.3415533980582524 0.05165048543689321 0.08543689320388349 0.0258252427184466 0.3184466019417476 0.05048543689320388 0.06776699029126214
 0.06582048957388939 0.3497733454215775 0.04478694469628287 0.06019945602901178 0.03191296464188577 0.3356300997280145 0.05222121486854035 0.05965548504079782
 0.05677210056772101 0.3338199513381995 0.05450121654501217 0.0770478507704785 0.0340632603406326 0.3145174371451744 0.05871857258718573 0.0705596107055961
 0.05243128964059197 0.3302325581395349 0.05560253699788584 0.08372093023255814 0.03255813953488372 0.3088794926004229 0.05835095137420719 0.07822410147991543
 0.05397379912663756 0.3633187772925764 0.04960698689956332 0.06323144104803494 0.02497816593886463 0.3304803493449782 0.04366812227074236 0.07074235807860262
 0.06253203485392107 0.3229113275243465 0.05612506406970784 0.06868272680676576 0.0389543823680164 0.3152229625832906 0.0627883136852896 0.07278318810866223
 0.05833938513677075 0.3018639554587267 0.05688695231178891 0.08182038247397724 0.03945775841200678 0.3025901718712176 0.05833938513677075 0.1007020091987412
 0.06024096385542169 0.3440143552935145 0.04614201486798257 0.0920276852089208 0.02794155344783389 0.2937708279928223 0.05485772878749039 0.08100487054601384
 0.06133453156594024 0.3529543922713997 0.04223769939339474 0.09166479442821837 0.02853291395192092 0.2907211862502808 0.05481914176589531 0.07773534037294989
 0.04904552129221733 0.3483113069016153 0.03729809104258443 0.07723935389133627 0.02790014684287812 0.3362701908957416 0.04170337738619677 0.08223201174743025
 0.05483443708609272 0.3221192052980132 0.05086092715231788 0.08052980132450331 0.02940397350993378 0.3067549668874172 0.05112582781456954 0.1043708609271523
 0.05599836501124054 0.3437563866748416 0.04434907010014306 0.08011444921316166 0.03290414878397711 0.325567136725935 0.05027590435315757 0.06703453913754343
 0.05807365439093484 0.3427762039660057 0.05184135977337111 0.06232294617563739 0.03257790368271955 0.3291784702549575 0.05382436260623229 0.06940509915014165
 0.05477908025247971 0.319882777276826 0.05680793507664562 0.05568079350766456 0.04192966636609558 0.3403967538322814 0.06357078449053201 0.0669522091974752
 0.05077039656478909 0.3768628441525638 0.04672897196261682 0.05809547865622632 0.02349078050012629 0.3473099267491791 0.04773932811315989 0.04900227330133872
 0.05067178502879079 0.337236084452975 0.05047984644913628 0.07024952015355086 0.0345489443378119 0.3456813819577735 0.04932821497120921 0.0618042226487524
 0.05142983817335402 0.3325205054311682 0.05231655952117047 0.08978053646641543 0.03325205054311683 0.2961649301706938 0.0492130348038129 0.09532254489026823
 0.05678036605657238 0.3142678868552413 0.04430116472545757 0.08402662229617304 0.03223793677204659 0.3180116472545757 0.04908485856905158 0.1012895174708819
 0.04483246814535158 0.3088721094856064 0.05167531854648419 0.1028787163756489 0.03350637092968381 0.2895233600755073 0.05899008966493629 0.1097215667767815
 0.05253863134657837 0.3487858719646799 0.05209713024282561 0.07152317880794702 0.03311258278145696 0.330242825607064 0.05430463576158941 0.05739514348785872
 0.05186533212010919 0.3506824385805278 0.04458598726114649 0.06078252957233849 0.03111919927206551 0.3428571428571429 0.05241128298453139 0.0656960873521383
 0.06166375799883653 0.3214077952297847 0.05381035485747528 0.07417102966841187 0.03199534613147179 0.3118091913903432 0.05904595695171611 0.08609656777196044
 0.05366726296958855 0.3319703552261692 0.04932277025300281 0.09200102223358038 0.02938921543572707 0.31254791719908 0.04881165346281625 0.08228980322003578
 0.04892460411250295 0.3757976837627038 0.04467029071141574 0.05081541006854172 0.0245804774285039 0.346490191444103 0.04892460411250295 0.05979673835972583
 0.0518005540166205 0.3357340720221607 0.04847645429362881 0.08587257617728532 0.02742382271468144 0.3213296398891967 0.05401662049861496 0.07534626038781163
 0.05332385353714895 0.336651261997867 0.04834696054034839 0.06505510131532172 0.02808389619623178 0.3334518307856381 0.05190188410949165 0.08318521151795237
 0.05269213069489186 0.3483663138518178 0.04578923147722043 0.06902899217671422 0.02991256327657616 0.329958582604694 0.04532903819604234 0.07892314772204326
 0.04935125115848008 0.3389712696941612 0.04332715477293791 0.07089898053753475 0.03220574606116774 0.3303985171455051 0.05166821130676552 0.08317886932344763
 0.05721258134490238 0.3486984815618221 0.04365509761388287 0.05802603036876356 0.03091106290672451 0.3400216919739696 0.0509761388286334 0.07049891540130152
 0.06104773975496409 0.3407266582171525 0.05090832277144064 0.07013096746937052 0.02915082382762991 0.3215040135192226 0.05534431770173215 0.07118715673848754
 0.05004468275245755 0.3806970509383378 0.04498063747393506 0.05421507298182902 0.02859696157283289 0.3306523681858802 0.05183199285075961 0.05898123324396783
 0.07030472017526389 0.2856004779924318 0.07767377016530572 0.09261103365863374 0.03903604859589723 0.250547699661422 0.08325034853614818 0.1009759012148974
 0.0667643365424864 0.3032649644202595 0.06550858099623273 0.07011301799916284 0.03913771452490582 0.2850565089995814 0.07974047718710757 0.09041439933026371
 0.07082152974504249 0.2979225684608121 0.08191690273843248 0.08451369216241737 0.03635505193578848 0.2492917847025496 0.08333333333333333 0.09584513692162418
 0.0733387358184765 0.3006482982171799 0.0682739059967585 0.0806320907617504 0.0413290113452188 0.2672204213938412 0.0763776337115073 0.09217990275526743
 0.07166048237476809 0.2884972170686456 0.06841372912801484 0.09763450834879406 0.04359925788497217 0.2532467532467532 0.08140074211502783 0.09554730983302412
 0.06268958543983821 0.306572295247725 0.07805864509605662 0.06936299292214358 0.03741152679474216 0.2845298281092012 0.08230535894843276 0.07906976744186046
 0.06317611423626136 0.2948939852877542 0.074643011683254 0.07356122890523582 0.03353526611856339 0.2795326698398962 0.08502812635222848 0.09562959757680657
 0.06098360655737705 0.2946448087431694 0.07759562841530054 0.08218579234972678 0.03453551912568306 0.273224043715847 0.08502732240437158 0.09180327868852459
 0.06634191602876363 0.2913477151472976 0.07492461145905822 0.08768267223382047 0.03711435861749014 0.2618881929946648 0.08118765947575969 0.09951287404314545
 0.06698950766747377 0.3072370191014259 0.07317729351627657 0.07990314769975787 0.03497444175410277 0.2612321764864138 0.0780199085283831 0.09846650524616626
 0.07142857142857142 0.2742673992673993 0.07967032967032966 0.1050824175824176 0.0331959706959707 0.2431318681318681 0.0853937728937729 0.1078296703296703
 0.07258253336455163 0.2891594474361976 0.0707094357293374 0.08171388433622102 0.04331538281432919 0.2645750409740107 0.07703114024818544 0.1009131350971669
 0.0742743312464428 0.2865680136596471 0.07484348321001708 0.0765509391007399 0.03870233352305066 0.2714854866249288 0.08736482640865111 0.09021058622652248
 0.0643010752688172 0.3010752688172043 0.06559139784946237 0.07870967741935483 0.03698924731182796 0.2793548387096774 0.0810752688172043 0.09290322580645162
 0.07637060090974383 0.2760354321283218 0.08283457026574097 0.09073497725640411 0.04093847258798181 0.2482643045247785 0.08331338281062964 0.1015082595163993
 0.0652485170791573 0.2879934546942115 0.07568009817958683 0.08365718960932705 0.04254448762528124 0.2708120269993864 0.07854366946205768 0.09552055635099202
 0.07955966975231424 0.276707530647986 0.06504878658994245 0.0898173630222667 0.04103077307980986 0.25569176882662 0.07530647985989491 0.1168376282211659
 0.07396573338905139 0.2877141663184288 0.07647304638529043 0.09527789385708316 0.04178854993731718 0.2465524446301713 0.07918930213121604 0.0990388633514417
 0.07441137272323411 0.2723234118169702 0.0752998667258996 0.1021768103065304 0.04375832963127499 0.2398933807196801 0.08018658374055976 0.1119502443358507
 0.077577868059586 0.289611143354614 0.06867866124975817 0.09866511897852583 0.0412071967498549 0.2462758754111047 0.07370864770748695 0.1042754884890695
 0.06922043010752688 0.2990591397849462 0.07302867383512544 0.08109318996415771 0.03181003584229391 0.2670250896057348 0.07661290322580645 0.1021505376344086
 0.06348181622552185 0.3273079406068432 0.065848934796643 0.05638046051215838 0.03830428233268775 0.3010544437271358 0.06864643856251344 0.07897568323649666
 0.07316169661048343 0.3157992220781626 0.07149472124467494 0.06612335617706983 0.04093350620485275 0.293387664382293 0.07093906278940544 0.06816077051305798
 0.06316746194046807 0.3072029084299023 0.07384685298795728 0.08884344467166554 0.03112928879800046 0.2576687116564417 0.07271074755737332 0.1054305839581913
 0.0720549893339654 0.3012562218535198 0.0706328513865845 0.07181796634273524 0.04313818440388718 0.2799241526428063 0.07395117326380658 0.08722446077269495
 0.05970149253731343 0.3223073820088745 0.05082694634933441 0.09681323114158935 0.03287615974183138 0.290843081887858 0.05486083098023396 0.09177087535296491
 0.04983323523641358 0.3266627427898764 0.04787129684127919 0.07357268981753973 0.03433392191485187 0.3388267608397096 0.05964292721208554 0.06925642534824407
 0.06493911957539807 0.3353106462691227 0.05900718076802997 0.08023727755229472 0.02934748673118951 0.2853574773649704 0.06837339993755853 0.07742741180143616
 0.07685393258426966 0.2984269662921348 0.06382022471910112 0.08044943820224719 0.03910112359550562 0.2876404494382023 0.07056179775280899 0.08314606741573034
 0.05213114754098361 0.2944262295081967 0.06557377049180328 0.08622950819672132 0.02557377049180328 0.2977049180327869 0.06918032786885246 0.1091803278688525
 0.06437311580067388 0.3108707217591772 0.06224507891470119 0.0911509132824969 0.03280723532541231 0.2837382514630253 0.06224507891470119 0.09256960453981203
 0.06653510008457851 0.2920778122356921 0.06202424584155625 0.1014942204680011 0.0248096983366225 0.279391034677192 0.06456160135325627 0.1091062870031012
 0.05914447839371453 0.2963771278917503 0.07245744216499345 0.1001745962461807 0.02989960715844609 0.2773897861195984 0.07485814054997818 0.08969882147533828
 0.06265426238845642 0.2990317068539966 0.0672109360167078 0.09360167078033035 0.0336054680083539 0.2724511106891969 0.06910955002847921 0.1023352952344788
 0.05624178712220762 0.2888304862023653 0.06097240473061761 0.1006570302233903 0.03521681997371879 0.2872536136662286 0.06911957950065703 0.1017082785808147
 0.06081258191349934 0.3064220183486239 0.06081258191349934 0.09384010484927915 0.02621231979030144 0.2977719528178244 0.06500655307994757 0.0891218872870249
 0.06350290201433936 0.3243427791054967 0.06247866165926937 0.07135541140320929 0.03721406623420963 0.300443837487197 0.06759986343461932 0.07306247866165927
 0.06443429731100964 0.3089802130898021 0.05225773718924404 0.08548959918822932 0.03373921867072552 0.3074581430745814 0.06139015728056824 0.08625063419583967
 0.05501157201353035 0.3003382588570411 0.05394338614918996 0.09168595335588392 0.03720847427452377 0.3076375289300338 0.05803809862916148 0.09613672779063558
 0.06378865979381443 0.2974656357388316 0.05884879725085911 0.09471649484536082 0.04037800687285224 0.2890893470790378 0.06593642611683849 0.0897766323024055
 0.05737082066869301 0.3328267477203647 0.06439969604863222 0.07731762917933131 0.0347644376899696 0.2967325227963526 0.06382978723404255 0.07275835866261399
 0.07020057306590258 0.3077363896848138 0.05759312320916905 0.08882521489971347 0.03037249283667622 0.3034383954154728 0.05472779369627507 0.08710601719197708
 0.0583079268292683 0.3029725609756098 0.06078506097560975 0.09813262195121951 0.03467987804878049 0.2934451219512195 0.06707317073170732 0.08460365853658537
 0.0572605561277034 0.2947476828012359 0.06467559217301751 0.09618949536560246 0.03851699279093718 0.2811534500514933 0.06014418125643666 0.1073120494335736
 0.05938634114153744 0.3117782909930716 0.05542725173210162 0.09336852523919499 0.0326624876278456 0.2975915539425932 0.06367535466842626 0.0861101946552293
 0.06241972771641408 0.3216028769586437 0.05497045979964038 0.08656563061905985 0.03467762650911893 0.2995119445157976 0.05702543025944002 0.08322630362188543
 0.06372934697088907 0.2955677943876213 0.06084447941253606 0.1096249672174141 0.03330710726462104 0.2806189352216103 0.06425386834513507 0.09205350118017309
 0.05962059620596206 0.329810298102981 0.05853658536585366 0.06639566395663957 0.03821138211382114 0.3246612466124661 0.06233062330623306 0.06043360433604336
 0.07420965058236273 0.3490848585690516 0.06655574043261231 0.08186356073211315 0.03727121464226289 0.2738768718801997 0.07021630615640599 0.04692179700499168
 0.05379281361630595 0.3509140575751208 0.0430762765286825 0.07270434965328851 0.03320025215381383 0.322546753519647 0.04622819920151292 0.07753729775162849
 0.06135770234986945 0.3287641427328111 0.05852915578764143 0.08637946040034813 0.02872062663185379 0.2950391644908616 0.06331592689295039 0.07789382071366406
 0.06806894536955886 0.3190184049079755 0.05959684487291849 0.08559742915571136 0.03680981595092025 0.2959392345895414 0.05959684487291849 0.07537248028045573
 0.05500310752019888 0.3284648850217526 0.05469235550031075 0.07924176507147296 0.03045369794903667 0.3343691733996271 0.05779987569919205 0.05997513983840895
 0.05912659470068695 0.3287536800785084 0.04931305201177625 0.07924435721295388 0.03949950932286556 0.3078999018645731 0.06207065750736016 0.07409224730127575
 0.05901077375122429 0.3342311459353575 0.05754162585700294 0.0737022526934378 0.03036238981390793 0.3153770812928501 0.0639079333986288 0.06586679725759059
 0.05817610062893082 0.3657232704402515 0.04339622641509434 0.04748427672955975 0.03081761006289308 0.3559748427672956 0.05911949685534591 0.03930817610062893
 0.05315293549166465 0.3399371828944189 0.05146170572602077 0.07562213094950471 0.03213336554723363 0.3203672384633969 0.05870983329306596 0.06861560763469438
 0.05462624150548876 0.3502352326189231 0.04391008886565604 0.06664924202822792 0.02796654469419759 0.3408259278619969 0.0520125457396759 0.06377417668583377
 0.05305191100969766 0.3605248146035368 0.05191100969766115 0.05590416428978894 0.03337136337706788 0.3382772390188249 0.05276668568168853 0.05419281232173417
 0.05182926829268292 0.3561529933481153 0.04684035476718403 0.06624168514412417 0.02633037694013304 0.33009977827051 0.0582039911308204 0.06430155210643015
 0.05625147719215316 0.3460174899550933 0.05199716379106594 0.07870479792011345 0.03001654455211534 0.3301819900732687 0.05246986528007563 0.05436067123611439
 0.05733211512105985 0.34376427592508 0.05207857469164002 0.06806761078117862 0.03243490178163545 0.3229785290086797 0.05801735952489721 0.06532663316582915
 0.05086727733385305 0.3451568894952251 0.04618982654453323 0.07211069966868057 0.02689534203858897 0.3344377314363672 0.05690898460339115 0.06743324887936075
 0.0600516068496364 0.3366174055829228 0.05324888576120104 0.07295331925873798 0.03119868637110016 0.3269997654234107 0.05817499413558527 0.06075533661740559
 0.05018106570098293 0.3494568028970512 0.04655975168132437 0.07035695809622348 0.02819451629591309 0.3341955509570615 0.05638903259182618 0.06466632177961718
 0.05264133456904541 0.3521779425393883 0.05338276181649675 0.07080630213160334 0.02706209453197405 0.3271547729379055 0.06079703429101019 0.05597775718257646
 0.06217783505154639 0.3405283505154639 0.05702319587628866 0.0782860824742268 0.03221649484536082 0.3137886597938144 0.05605670103092784 0.05992268041237114
 0.06057175205208039 0.3337107274271158 0.05208038494197566 0.06255307104443815 0.03764506085479762 0.333427681856779 0.06028870648174356 0.05972261534106992
 0.05611510791366906 0.352757793764988 0.05491606714628297 0.05635491606714628 0.03213429256594724 0.3299760191846523 0.05707434052757794 0.06067146282973621
 0.05590975968612065 0.3450220696419813 0.05762628739578225 0.06130456105934282 0.03187837175085827 0.3305541932319764 0.05468366846493379 0.06302108876900442
 0.06633221850613155 0.3542363433667782 0.04765886287625418 0.06103678929765886 0.03762541806020067 0.3285953177257525 0.05016722408026756 0.05434782608695652
 0.06142391810144253 0.3464402047463937 0.04862726849697534 0.06421591437878083 0.03280595625872499 0.319683573755235 0.0532805956258725 0.07352256863657515
 0.05650829350576329 0.355636772561147 0.04357604723081248 0.06719145347202699 0.02839471464717459 0.3379252178802362 0.05341579983131853 0.05735170087152094
 0.06191687871077184 0.3494486853265479 0.05067854113655641 0.05703986429177269 0.03307888040712468 0.3261238337574215 0.05661577608142494 0.06509754028837998
 0.05319836312728839 0.3530045229377557 0.04092181779022184 0.06181348266207193 0.02907602842989446 0.3482662071936248 0.05061382726685332 0.06310575059228947
 0.07715260017050299 0.3231031543052004 0.06052855924978687 0.08631713554987212 0.03729752770673487 0.2813299232736573 0.05413469735720375 0.08013640238704177
 0.0747538048343778 0.3274395702775291 0.05416293643688451 0.0828111011638317 0.03088630259623993 0.2947627573858549 0.05550581915846016 0.07967770814682185
 0.07572502685284641 0.3243823845327605 0.06203007518796992 0.08539205155746508 0.03839957035445758 0.2784640171858217 0.05343716433941998 0.08216970998925886
 0.07539568345323741 0.300431654676259 0.08172661870503597 0.09726618705035971 0.03165467625899281 0.2466187050359712 0.06302158273381295 0.1038848920863309
 0.06183796163756083 0.2897223017463498 0.06956770684225594 0.1196679072430576 0.03120526767821357 0.2550815917549384 0.05296306899513312 0.1199541941024907
 0.07312119160460392 0.320695102685624 0.06093432633716994 0.09704355675919657 0.0349808169713383 0.2771383434890544 0.05371248025276461 0.08237418190024826
 0.05988023952095808 0.3150841174793271 0.06615340747077274 0.08696891930424865 0.03450242372398061 0.2848588537211292 0.058169375534645 0.0943826632449387
 0.06296950950066284 0.3223596995139196 0.05501546619531595 0.0897039328325232 0.03601414052143173 0.2916482545293858 0.04904993371630579 0.09323906319045515
 0.07967639127237068 0.3150281931846041 0.05467026231919588 0.09708261828879627 0.04118656533464084 0.2735964697229713 0.04756067663643049 0.09119882324099043
 0.06942428640541848 0.3197871311078858 0.0783744557329463 0.08079342041606193 0.02491533623609095 0.2776971456216739 0.06555394291243348 0.08345428156748912
 0.08262275801234931 0.2987356659805939 0.06850926198177007 0.08409291384886798 0.05174948544545722 0.2625698324022346 0.05733607762422817 0.09438400470449868
 0.06810631229235881 0.340531561461794 0.06074988134788799 0.07451352634076887 0.03298528713811106 0.2959183673469388 0.05790223065970574 0.06929283341243474
 0.06501547987616099 0.3276970707311265 0.05810907358894975 0.07882829245058347 0.03215051202667302 0.3045963324601095 0.05763276970707312 0.07597046915932365
 0.07746878547105562 0.3121452894438139 0.06895573212258797 0.08286038592508513 0.03490351872871737 0.2792281498297389 0.06469920544835414 0.079738933030647
 0.08337609030271935 0.3119548486403284 0.07516675218060544 0.07875833760903027 0.04232939969214982 0.2706516162134428 0.06182657773217035 0.07593637762955362
 0.08118910816887334 0.3232575568323757 0.06470147389457906 0.07644266799900075 0.03797152135898076 0.2832875343492381 0.05645765675743192 0.07669248063952036
 0.07872514301280305 0.3181694361209479 0.0593843639335331 0.09370743666575865 0.03977117951511849 0.2721329338055026 0.05339144647235086 0.08471806047398529
 0.08044112877067791 0.3224132338631203 0.05968212779759974 0.08368472267272138 0.03308465780084333 0.2789490755757379 0.05741161206616931 0.08433344145313007
 0.07246376811594203 0.3277396389524536 0.06814136791253496 0.08390541571319603 0.02949402491736588 0.2781591660310196 0.05136028476989575 0.08873633358759217
 0.08161044613710555 0.3199129488574537 0.06828073993471165 0.08351468988030468 0.03400435255712731 0.2766594124047878 0.06229597388465723 0.07372143634385202
 0.06585589720055071 0.3391463974300138 0.0502524093620927 0.08145938503900872 0.03189536484625975 0.3063331803579624 0.04818724185406149 0.07687012391005048
 0.07397526073247636 0.3216104778074218 0.06403104535532379 0.08270676691729323 0.03686635944700461 0.2903225806451613 0.05214649527043415 0.07834101382488479
 0.07397260273972603 0.3465753424657534 0.0526027397260274 0.08054794520547945 0.03287671232876712 0.3 0.04575342465753424 0.06767123287671233
 0.06831358709352155 0.3355180236954878 0.05722208217796824 0.07461557852281321 0.03403075371817494 0.2994706327199395 0.05117217040584825 0.07965717166624653
 0.05846822904083112 0.3223000724812757 0.05266972698719497 0.1043730369654506 0.0282676975114762 0.2908915196907466 0.04348876540227108 0.09954095192075381
 0.07118786857624262 0.3449873631002527 0.05749789385004212 0.06739679865206402 0.03833192923336141 0.3062342038753159 0.05581297388374052 0.05855096882898062
 0.07109879963065559 0.3344413665743305 0.05540166204986149 0.07017543859649122 0.03878116343490304 0.3028624192059095 0.05466297322253001 0.07257617728531857
 0.06946264744429882 0.3407601572739187 0.06531236347750109 0.06443861948449105 0.03516819571865443 0.291393621668851 0.06094364351245085 0.072520751419834
 0.0611545988258317 0.345075016307893 0.05104370515329419 0.0766470971950424 0.03228962818003914 0.3145792563600783 0.0502283105022831 0.06898238747553816
 0.06720029784065525 0.3622486969471333 0.05379746835443038 0.06459419210722264 0.03350707371556218 0.3103127326880119 0.05174981384959047 0.05658972449739389
 0.07411188240097999 0.3442221314822376 0.05777868517762352 0.0624744793793385 0.04022049816251531 0.3044099632503062 0.04920375663536137 0.0675786035116374
 0.06886066893221249 0.340189590413164 0.04954390985512431 0.05902343051332499 0.03845465927383294 0.3287426220711858 0.0493650509747809 0.06582006796637453
 0.06072004298764105 0.3456922801361275 0.05516747268493642 0.0693175711982805 0.03564391903994268 0.3150635858857245 0.0523016299480566 0.0660934981192907
 0.05886654478976234 0.3526508226691042 0.04753199268738574 0.07093235831809871 0.03126142595978062 0.3162705667276051 0.04771480804387569 0.07477148080438757
 0.06461932181701856 0.3466090850927703 0.05246321177223288 0.06445937300063979 0.03438899552143314 0.3200575815738964 0.04974408189379399 0.06765834932821498
 0.06445763270689087 0.3330036267721728 0.0520936366633696 0.07879986811737553 0.0370919881305638 0.3001978239366964 0.05242334322453017 0.08193208044840092
 0.07068570421293847 0.3264586638462895 0.05341089370703331 0.07350608143839238 0.03543098889476468 0.3023091838533404 0.05940419531112286 0.07879428873611846
 0.06447784810126582 0.3352452531645569 0.05063291139240506 0.07416930379746836 0.03896360759493671 0.3004351265822785 0.05478639240506329 0.08128955696202532
 0.06384941871193947 0.3469274773943532 0.05425355231592545 0.06975456726333272 0.03377006827828013 0.3116811219782248 0.05443808820815649 0.06532570584978778
 0.06680051104216098 0.3518890308450447 0.0542069720751962 0.07191093265194379 0.03394780069355722 0.3099105676218288 0.04654133966052199 0.06479284540974631
 0.07561139780121158 0.3033430558671752 0.05452097823648194 0.1005160421808391 0.03544985416199237 0.2764191159973076 0.05362351357415301 0.1005160421808391
 0.05767581475128645 0.3531303602058319 0.05124356775300171 0.06818181818181818 0.03130360205831904 0.3235420240137221 0.05188679245283019 0.0630360205831904
 0.06330965315503552 0.3742164646886753 0.04513163393230255 0.06393648140409527 0.02402841621395738 0.3178019222732971 0.04951943167572085 0.062055996656916
 0.06226747601331506 0.3389465439592716 0.05384766007440767 0.08576463677305658 0.0327002153906403 0.2915606030937928 0.04914822792245937 0.08576463677305658
 0.06030520316234602 0.3541092112520684 0.04927376355947784 0.06177606177606178 0.03070417356131642 0.3245081816510388 0.04945762088619231 0.06986578415149844
 0.06943849121303043 0.3182597513930562 0.05293613373339048 0.08808401200171453 0.0330047149592799 0.2809687098156879 0.05722246035147878 0.1000857265323618
 0.06591337099811675 0.3214689265536723 0.0487758945386064 0.08832391713747646 0.03634651600753296 0.2885122410546139 0.04745762711864407 0.1032015065913371
 0.06790266512166859 0.3585168018539977 0.04542294322132098 0.06373117033603708 0.02526071842410197 0.3267670915411356 0.04542294322132098 0.06697566628041715
 0.05718422005066956 0.3405718422005067 0.05374592833876222 0.08306188925081433 0.02786825913861744 0.2964169381107492 0.04976474846181687 0.0913861744480637
 0.06566265060240964 0.3236947791164659 0.05602409638554217 0.0859437751004016 0.03152610441767068 0.2953815261044176 0.05240963855421687 0.0893574297188755
