# Created by Octave 3.2.4, Thu Nov 01 02:04:47 2012 CDT <zac1164@zac1164-VirtualBox>
# name: data_curv
# type: matrix
# rows: 250
# columns: 1
 12.80285300179769
 12.77295637477877
 13.58129265272477
 13.08568389537393
 12.63077857024
 11.70898396457567
 12.24086723118088
 12.64399013722481
 11.75017879731801
 11.94233005851009
 12.74133200161527
 12.60353227853339
 12.19060962556652
 12.65987519628003
 12.37357787027054
 12.98289255268953
 12.21867360770042
 11.64522215579383
 12.69952729193052
 12.60524045708235
 12.44601213587168
 11.92105779970634
 12.6838105579275
 12.41082642776242
 12.08041492890183
 14.66652389926668
 14.33989072271368
 14.70735262100979
 14.07757113510172
 15.40434017481979
 14.54712962044352
 14.23129065230482
 13.79261442263436
 13.73534780867107
 14.44807248058132
 14.35338233547856
 14.04339215479204
 14.19544032767915
 14.11943495287312
 14.22674653911606
 14.55055297244715
 14.44726106744579
 14.0164057299521
 14.05388180918422
 14.21306418873163
 15.00839128121567
 15.29445992220398
 14.32282374756901
 14.68069484372831
 14.35626122257089
 14.56865730754811
 15.48670760695625
 14.94200199604392
 15.46535578310586
 15.81383365683866
 15.86184316152788
 15.64320653505068
 14.95036223616633
 15.27482113422106
 15.17739363151831
 14.70105507458391
 15.71310542076318
 14.84327932918307
 14.89715356421694
 14.92191126795773
 15.23260210798325
 15.21474244843782
 15.09522686258874
 14.5352721163582
 12.50518418900812
 14.71210760398901
 15.53885884452269
 15.08668364691545
 15.0169997763812
 15.73423433627189
 15.9129392224094
 16.4420371607967
 15.86492701239834
 16.64406487140776
 17.74280603441057
 17.08164039905123
 16.40747722241725
 17.08281658733892
 15.2834203436333
 17.45224291546638
 16.2724307719197
 17.96835308464946
 17.35108940558993
 17.69647245511868
 17.89263363302016
 18.00359613108331
 16.69516690534839
 19.13382324115014
 18.04296285756335
 18.6954309119495
 19.53714496077324
 18.9643623541169
 18.73407040103854
 19.14093243895991
 17.29681239982639
 13.42384913787867
 12.21111172577623
 16.8996406147078
 19.76016370189593
 16.34835526946538
 18.01203987366761
 17.32736930222998
 16.44701449672228
 17.98169657360554
 16.56452799759489
 13.60943131481635
 17.74393530043504
 16.68409992481052
 15.98032414085519
 18.51578908384702
 16.43805950235998
 15.66727902751341
 18.09334491320373
 17.3123193999937
 17.36123561479098
 17.32834447739712
 18.66805024151032
 18.1615869651691
 17.20086599540333
 16.50691764276793
 13.07811522479757
 14.97483760631063
 13.69677819226104
 15.05083925155736
 14.45679512243417
 14.84382594383959
 14.24415015991586
 13.84805354252089
 14.41328813207855
 14.47469453075498
 13.19752246277181
 14.26518940323095
 14.37773769084273
 15.12955854382541
 14.09554890733296
 11.39276817405963
 14.58079632842516
 13.37542054889263
 14.3476888927776
 13.452875752477
 11.05193564212949
 15.0226044905154
 14.50981069919185
 14.44511985668161
 14.25723440233725
 13.92321760319158
 13.96238162137154
 16.2077381647966
 16.22149203551818
 14.82346467295349
 15.89742632484553
 16.08647477420592
 15.8179387980425
 15.96346867212258
 16.41446768044863
 16.17875124161369
 16.88969291116508
 14.83667400541426
 15.656413165773
 15.9773566850146
 16.65982594005322
 15.73536129602545
 16.62067321735857
 15.12682930707045
 17.46793648373861
 16.38758223330272
 16.77190639020522
 16.85345955375697
 15.74412077544628
 17.9552946455323
 16.22417238623371
 17.00934826619087
 18.387164198647
 16.85836966182134
 18.77798546723457
 19.42762249606393
 17.8614278254427
 18.81906932401163
 18.06205217489327
 18.07009799226939
 18.04016822413207
 16.79078333839347
 18.50264036326967
 17.66862848668658
 18.58175196715305
 18.84346381373508
 17.86781613458439
 16.49827508447545
 17.60429537564564
 18.02013041484144
 17.79470340048328
 17.54025538583691
 19.32317073692442
 16.6422598488316
 15.4986744312173
 16.5284168858047
 15.91960088526292
 14.43383311149964
 13.78961624542067
 14.67027228493392
 15.17319431762702
 14.53035278292269
 15.3329820439808
 15.1414201561945
 15.85715443098166
 14.6947446102899
 15.44259477779329
 14.6716707802603
 15.23515015986982
 16.16399109796826
 15.24293607878391
 16.05143582459492
 14.97325392170439
 15.47260998356144
 16.93038065015845
 16.15524418284365
 15.5369032360136
 16.80945043810105
 16.23744308187942
 16.6930640117894
 16.28483233398983
 17.41717282450347
 16.13656149326266
 17.63959741958262
 18.04239543716052
 16.89328310563597
 12.96529248948359
 18.62851154387946
 17.5044883987169
 18.73695521783207
 16.69012566541399
 17.21053751909053
 16.97324802526238
 16.82447745977273
 15.40376593217208
 14.9120858586539
 17.83591604254417
 18.42363264431231
 17.3488410803264
 19.1499474675275
 14.98653445841705
 17.02703266988399
 17.38906071508553
 17.01939525252829
 17.81284798198408
