# Created by Octave 3.2.4, Fri Nov 02 16:24:20 2012 CDT <zac1164@zac1164-VirtualBox>
# name: data_curv_direct
# type: matrix
# rows: 250
# columns: 8
 0.08916274012323305 0.2276187024284161 0.08118883653497644 0.1482421167089525 0.04313156940920623 0.1714389271475172 0.06342877854295034 0.1757883291047481
 0.08002735978112176 0.2445280437756498 0.09062927496580027 0.1265389876880985 0.02599179206566347 0.1857045143638851 0.08310533515731874 0.1634746922024624
 0.09172105805565098 0.2521470285125387 0.07557540364136035 0.1353486774304363 0.0395053246307111 0.1958090003435246 0.06355204397114393 0.1463414634146341
 0.08130582075762242 0.2312904219279335 0.07453033569448722 0.1465968586387434 0.04619648906683092 0.1903295349553434 0.06621496766245766 0.1635355712965815
 0.0838176812480881 0.2646069134291832 0.08137044967880086 0.1049250535331906 0.03670847353930866 0.2226980728051392 0.07005200367084735 0.135821352095442
 0.09333333333333334 0.2213333333333333 0.08799999999999999 0.139 0.04366666666666667 0.1776666666666667 0.07433333333333333 0.1626666666666667
 0.08684759916492693 0.2267223382045929 0.08935281837160751 0.1386221294363257 0.04509394572025052 0.17160751565762 0.07640918580375783 0.1653444676409186
 0.0939980946332169 0.2187996189266434 0.09907907272149889 0.1451254366465545 0.0387424579231502 0.1667195935217529 0.07970784375992379 0.1578278818672594
 0.09393539881344759 0.2214897824653922 0.09162821357943308 0.1400791034937376 0.04317732366512855 0.1895187870797627 0.05833882663150956 0.1618325642715887
 0.1024096385542169 0.2078313253012048 0.09412650602409639 0.1362951807228916 0.06061746987951807 0.172816265060241 0.07454819277108433 0.151355421686747
 0.1033986175115207 0.2188940092165899 0.07200460829493087 0.1503456221198157 0.04435483870967742 0.1722350230414746 0.07085253456221198 0.1679147465437788
 0.08917775090689238 0.2143288996372431 0.07799274486094317 0.1692865779927449 0.04081015719467956 0.1804715840386941 0.06831922611850061 0.1596130592503023
 0.1075635461872288 0.2207067575945443 0.08431494110353378 0.1326720396776193 0.04866707997520149 0.1704897706137632 0.07377557346559206 0.161810291382517
 0.09274983670803397 0.2410189418680601 0.08883082952318747 0.1290006531678641 0.03527106466361855 0.1822338340953625 0.07217504898758981 0.1587197909862835
 0.08154235145385588 0.2288242730720607 0.08944374209860935 0.1248419721871049 0.03824273072060683 0.1905815423514539 0.08122629582806574 0.1652970922882427
 0.09357030841610037 0.2281756403554626 0.08285415577626765 0.1387872451646628 0.04260324098274961 0.1860951385258756 0.07553580763199164 0.1523784631468897
 0.09033679571923198 0.2149826880705068 0.07900535096002519 0.1567516525023607 0.03714195782184451 0.1800440667296191 0.06956248032735285 0.1721750078690589
 0.1071428571428571 0.2211981566820277 0.08602150537634409 0.1443932411674347 0.04032258064516129 0.1612903225806452 0.07910906298003072 0.1605222734254992
 0.09006211180124224 0.2124223602484472 0.08012422360248447 0.1388198757763975 0.05 0.1888198757763975 0.08385093167701864 0.1559006211180124
 0.1005064277366576 0.201791975068173 0.09037787300350604 0.1476431632255551 0.04752629528632645 0.1737436696532918 0.0724581223217764 0.1659524737047137
 0.09550561797752809 0.2128222075346993 0.08129543952412426 0.1411103767349637 0.04196959682749504 0.1781229345670853 0.07336417713152676 0.1758096497025776
 0.08857142857142856 0.2271428571428571 0.1014285714285714 0.1432142857142857 0.03714285714285714 0.1739285714285714 0.075 0.1535714285714286
 0.09146782357194505 0.2404193781634129 0.09580621836587129 0.1214750542299349 0.04229934924078091 0.1673897324656544 0.08026030368763558 0.160882140274765
 0.09076803723816912 0.2090768037238169 0.104344453064391 0.1408068269976726 0.0430566330488751 0.1656322730799069 0.08145849495733126 0.1648564778898371
 0.0875187969924812 0.2270676691729323 0.09112781954887218 0.1395488721804511 0.03879699248120301 0.1813533834586466 0.07609022556390978 0.1584962406015037
 0.05613701236917221 0.2043767840152236 0.05651760228353948 0.2207421503330162 0.01941008563273073 0.1623215984776404 0.05156993339676499 0.2289248334919125
 0.05489443378119002 0.1744721689059501 0.05758157389635317 0.2431861804222649 0.02437619961612284 0.1385796545105566 0.05047984644913628 0.2564299424184261
 0.05352657004830918 0.2141062801932367 0.05951690821256039 0.2003864734299517 0.02628019323671497 0.1742995169082125 0.05932367149758454 0.21256038647343
 0.04600040708324853 0.1905149603093833 0.0508854060655404 0.2222674536942805 0.02401791166293507 0.1671076735192347 0.05332790555668634 0.2458782821086912
 0.05216374269005848 0.1899415204678362 0.04935672514619883 0.2252631578947368 0.02198830409356725 0.1632748538011696 0.05076023391812866 0.2472514619883041
 0.04960103515203795 0.1908561569980591 0.05067931852490835 0.2380849687297822 0.02436920422687082 0.1593702825102437 0.04787578175544533 0.2391632521026526
 0.04760793465577597 0.2 0.05694282380396733 0.2140023337222871 0.01866977829638273 0.1659276546091015 0.05740956826137689 0.2394399066511085
 0.05335425657120439 0.1898783836798745 0.0559042761867399 0.217928599450765 0.02334248724990192 0.1683012946253433 0.05708120831698706 0.234209493919184
 0.04650261577213718 0.2096492927727185 0.05347800813795776 0.2179810114318931 0.02208874249176516 0.1683782212749467 0.05870955241232319 0.2232125557062585
 0.06404582140067691 0.1731319968758136 0.05831814631606352 0.231970840926842 0.02629523561572507 0.139807341838063 0.05050768029159073 0.2559229367352252
 0.05808185200496073 0.1765192228193468 0.05167424555601488 0.2176519222819347 0.03141794129805705 0.1593633732947499 0.05105415460934271 0.2542372881355932
 0.05218855218855219 0.1546950991395436 0.04938271604938271 0.2605686494575383 0.02506546950991395 0.1333707444818556 0.04620276842499065 0.278526000748223
 0.05023607176581681 0.1918791312559018 0.05457979225684608 0.2347497639282342 0.0226628895184136 0.1484419263456091 0.04891406987724268 0.2485363550519358
 0.04256224728665674 0.2143009150883167 0.05405405405405406 0.2062140881038519 0.02106831240689508 0.1776973824217919 0.05894871249201958 0.2251542881464141
 0.03974136571518688 0.1580192398675288 0.05582715659990538 0.2464910897334805 0.02176312884403091 0.1435104873048415 0.05440782211007728 0.2802397098249487
 0.05215123859191656 0.1697522816166884 0.05997392438070404 0.2427640156453716 0.02555410691003911 0.1468057366362451 0.05788787483702738 0.2451108213820078
 0.05367231638418079 0.1783696529459241 0.04903147699757869 0.2314366424535916 0.02300242130750605 0.1692897497982244 0.05407586763518967 0.2411218724778047
 0.05422955422955423 0.1909441909441909 0.05317655317655318 0.2204282204282204 0.02228852228852229 0.1704106704106704 0.05124605124605124 0.2372762372762373
 0.03852703277990634 0.1856108982545764 0.05683269476372925 0.224563644103874 0.01958280119199659 0.1702852277564921 0.05598126862494678 0.2486164325244785
 0.05901230165804956 0.1830985915492958 0.05544660367266892 0.2241041183811731 0.02317703690497415 0.1625958281333571 0.05598145837047602 0.2365840613300053
 0.05323901712583768 0.201042442293373 0.04430379746835443 0.2097915115413254 0.02810871183916605 0.191734921816828 0.05026061057334326 0.2215189873417721
 0.04972147720239323 0.1869197441716526 0.05776769135547762 0.2217866721683515 0.02290076335877863 0.1700020631318341 0.05776769135547762 0.2331338972560347
 0.04811411992263056 0.1883462282398453 0.05004835589941973 0.20357833655706 0.02587040618955513 0.1806092843326886 0.05391682785299807 0.2495164410058027
 0.05382821609016712 0.1803342401865527 0.04450058297706957 0.2368830159347066 0.02565099106101827 0.1509910610182666 0.05266226195102992 0.2551496307811893
 0.05909001378766988 0.2089816820957258 0.05751428008666536 0.2046484144179634 0.02796927319283041 0.1749064408115029 0.0531810124089029 0.2137088831987394
