# Created by Octave 3.2.4, Sat Nov 03 15:46:56 2012 CDT <zac1164@zac1164-VirtualBox>
# name: data_entropy
# type: matrix
# rows: 250
# columns: 1
 2.161711931432747
 2.24545290185206
 2.179996158796415
 2.237467076101929
 1.923684325498076
 1.976530857072899
 2.088229375829042
 1.970430366708877
 2.150059111490369
 2.032121978020459
 2.092220250980074
 1.945753916938987
 2.133973579172875
 2.162247931649018
 2.31010468986421
 2.156683233168873
 2.202735375518904
 2.034680420164967
 2.317179142605613
 2.447240171208982
 1.912261039914959
 2.214306974905197
 2.127238934366333
 2.531309547178121
 2.279339775238992
 3.155990685590802
 2.858073258659503
 2.94866277669995
 2.389531336399162
 3.24438062756834
 2.795512683468314
 2.586354869571223
 3.466981124300338
 2.746141316070549
 2.971772061774968
 3.048030910366371
 3.109180060430781
 2.953430313690177
 3.05301659154235
 3.006062598192202
 2.733181567399337
 2.756151058047694
 2.701001949496967
 3.280087932110812
 2.739833431986395
 3.102691895124571
 3.071910563514506
 2.884850931158341
 2.687216721867977
 2.969157102066282
 2.276216697176083
 2.46303535587432
 2.977667717316724
 2.650867308935435
 3.175541305924261
 1.994049271409389
 2.418827541224534
 2.350870242151529
 2.168767116204785
 2.343737392803676
 2.283816965872032
 2.174459554973688
 2.168990945187663
 2.830465209697668
 2.458778262158407
 2.502466906350175
 2.314677638800017
 2.518998059373063
 2.6574553753146
 3.349651318780498
 2.151059094554609
 2.32254748758347
 2.612315723308666
 2.412930590008498
 2.594689052873856
 1.420480307070446
 1.132153859651301
 1.498753488650182
 1.557396156321846
 1.947640807772464
 1.365355656953919
 1.098259336712158
 1.366733427583302
 1.722397205810822
 2.170977827350828
 1.180188171691826
 1.436380257114448
 1.428722581961543
 1.556861634308593
 1.858958425310754
 1.259902460294758
 1.483112369046245
 1.40446528527309
 1.291039283326459
 1.462199182141732
 1.521510153749149
 2.184689511772517
 1.179921138201039
 1.456195562055857
 1.831165160785444
 2.973837580753718
 2.75769870769907
 2.224162522239853
 2.315615017840632
 2.155766187845446
 2.196058117384906
 2.833395665114812
 2.349617413548133
 2.770938674328229
 2.728120417359288
 2.270535183186003
 2.510748151110735
 2.531535021646263
 3.306145291694177
 2.884752294802424
 2.124621672957167
 2.537223319849578
 3.084083545240039
 2.607455934245914
 3.0368858920366
 2.36091141718493
 2.36811161261338
 2.719098484427391
 2.73786927932326
 2.910408245478359
 3.008648317743665
 2.863250560834355
 3.255167476619931
 2.849590215173984
 2.387196026599833
 3.195524473175901
 2.944970911930476
 2.867297588872339
 2.543587186651865
 2.249166856671009
 2.975338021628491
 3.104319144963301
 3.202530051510585
 3.351207692986667
 2.749664298135714
 2.828853932902471
 2.593271144395752
 2.78322192203835
 2.898831204672875
 2.995356701561656
 2.81707979629402
 3.056246341506033
 2.794620283637627
 2.65770258536325
 2.855345212812686
 4.190697164147971
 3.815711658620384
 4.40926916528253
 4.171200141342879
 4.561850572218798
 3.411882112506571
 3.18027032231153
 3.85353323313698
 3.86686123959161
 3.737597495372075
 3.935423676328592
 4.221009562843327
 3.6282925517141
 3.977809678312612
 3.859076695603439
 3.637615479303329
 3.314186532749382
 4.354285282897243
 3.631646996144082
 3.908950045759669
 4.243983811496017
 4.286099700594559
 4.511061200551499
 4.935562725344061
 4.313696441939198
 2.708283752424722
 2.486638350079785
 2.736391362223998
 2.819468815156764
 2.514522814912554
 2.764595080574969
 2.715120597571382
 3.194889295016265
 2.571974316362991
 2.510111892386577
 2.782674344137664
 2.588768710124956
 2.44847793004429
 2.662898110168041
 2.439210189044994
 3.094393935461509
 2.540361336682535
 3.4817957122508
 2.521090608763318
 3.356271537835271
 2.883512336911778
 3.090986922221756
 3.382389948816166
 2.758840634315206
 3.167318049758374
 2.591370435172026
 2.362398984863033
 2.002140347787168
 1.803973491267594
 2.486055865968696
 2.242657343721795
 2.216527104134556
 2.056531909596932
 2.29329868812248
 2.42181862821254
 2.189842732069188
 2.210098493380825
 2.170346673290278
 2.555955515986948
 2.213403100062723
 2.213348306336716
 2.343721583045717
 1.888569633711741
 2.051896356166598
 2.184041054307678
 2.160696408300661
 2.112364095383672
 2.479604255987414
 2.029628156557188
 2.317938674227205
 2.209994658810379
 2.872976842103166
 2.249033711929224
 2.964428065601713
 2.864833971625674
 2.203809341413788
 3.163935409961409
 2.530791202914034
 2.900302348101053
 2.498082894633284
 2.590986798316875
 2.278702975240464
 2.871496354645228
 2.658692978572441
 2.856938471683088
 2.951708231011025
 2.879835415629829
 2.733836053260175
 2.508378832591323
 2.779856738171587
 2.12061287499751
 1.957424188672014
 1.844870642769337
 2.459049947655374
 2.391779535264856
