# Created by Octave 3.2.4, Thu Nov 01 01:57:41 2012 CDT <zac1164@zac1164-VirtualBox>
# name: data_skew
# type: matrix
# rows: 250
# columns: 1
 0.2500000000000002
 0.3000000000000003
 0.1000000000000002
 0.4000000000000002
 0.3500000000000003
 0.3000000000000003
 0.2000000000000002
 0.4000000000000002
 0.1000000000000002
 0.3500000000000003
 -0.1499999999999998
 0.3000000000000003
 0.05000000000000022
 -0.04999999999999978
 0.1500000000000002
 0.3500000000000003
 0.1500000000000002
 0.05000000000000022
 0.3000000000000003
 0.1500000000000002
 -0.2499999999999998
 0.1000000000000002
 -0.09999999999999978
 2.220446049250313e-16
 0.05000000000000022
 -0.7999999999999998
 -0.6999999999999998
 -0.6499999999999998
 0.2500000000000002
 -0.4499999999999998
 -0.5499999999999998
 0.5500000000000003
 -0.6999999999999998
 -0.4499999999999998
 -0.3999999999999998
 -1.85
 -1.6
 2.220446049250313e-16
 0.6500000000000002
 -0.3499999999999998
 0.4000000000000002
 0.3000000000000003
 -0.2499999999999998
 0.3000000000000003
 0.4500000000000002
 0.6500000000000002
 -0.5499999999999998
 -0.3999999999999998
 -1.25
 0.4500000000000002
 0.3500000000000003
 0.2000000000000002
 0.2500000000000002
 0.2500000000000002
 0.2500000000000002
 0.2500000000000002
 0.4500000000000002
 0.4500000000000002
 -0.1999999999999998
 0.4500000000000002
 0.1500000000000002
 0.1500000000000002
 -0.1999999999999998
 0.4000000000000002
 0.2000000000000002
 -0.5999999999999999
 0.2000000000000002
 0.2000000000000002
 0.05000000000000022
 0.2000000000000002
 -1.1
 -0.1999999999999998
 1.25
 -0.4999999999999998
 -0.3999999999999998
 -0.9499999999999998
 -0.7499999999999998
 -0.3999999999999998
 0.2500000000000002
 -0.3999999999999998
 -0.3499999999999998
 -0.8499999999999999
 -0.2999999999999998
 0.3500000000000003
 -0.5999999999999999
 0.3000000000000003
 0.8500000000000003
 0.3000000000000003
 -0.4499999999999998
 -0.6999999999999998
 -0.2499999999999998
 -0.2499999999999998
 -0.4499999999999998
 0.3500000000000003
 -0.3499999999999998
 -0.5999999999999999
 -0.2999999999999998
 0.2500000000000002
 0.7500000000000002
 0.2500000000000002
 0.7500000000000002
 1.1
 0.9000000000000002
 0.4500000000000002
 0.3000000000000003
 0.8500000000000003
 0.2000000000000002
 0.2500000000000002
 0.4500000000000002
 -0.4499999999999998
 0.2000000000000002
 0.4500000000000002
 0.1500000000000002
 0.2500000000000002
 -0.1999999999999998
 0.3500000000000003
 0.7500000000000002
 0.2500000000000002
 0.2000000000000002
 0.2500000000000002
 -0.7999999999999998
 0.3500000000000003
 -0.1999999999999998
 0.2500000000000002
 0.2500000000000002
 0.3500000000000003
 0.9000000000000002
 1.1
 0.5500000000000003
 0.6000000000000003
 0.7500000000000002
 0.7000000000000003
 -0.04999999999999978
 0.9000000000000002
 -0.2999999999999998
 -0.3499999999999998
 0.2500000000000002
 -0.4499999999999998
 0.3500000000000003
 0.8500000000000003
 -0.5499999999999998
 -0.3999999999999998
 0.3500000000000003
 1.05
 -0.5499999999999998
 0.8500000000000003
 -0.3499999999999998
 -0.4499999999999998
 -0.5999999999999999
 -0.5999999999999999
 0.6500000000000002
 -0.9999999999999998
 0.7500000000000002
 -0.7499999999999998
 -0.3999999999999998
 0.9000000000000002
 1.3
 -0.8499999999999999
 -0.3999999999999998
 0.7000000000000003
 0.7500000000000002
 -0.4499999999999998
 1.2
 0.4000000000000002
 0.7000000000000003
 0.7500000000000002
 0.4500000000000002
 -0.3999999999999998
 -1.15
 0.9000000000000002
 0.8500000000000003
 0.05000000000000022
 -0.3999999999999998
 -0.3999999999999998
 0.6500000000000002
 -0.2999999999999998
 -0.3999999999999998
 -0.2999999999999998
 -0.8499999999999999
 -0.5999999999999999
 2.220446049250313e-16
 -1.2
 -0.4499999999999998
 -0.7499999999999998
 -0.7499999999999998
 -0.3999999999999998
 0.3000000000000003
 -0.5499999999999998
 0.3500000000000003
 -0.4999999999999998
 -0.7999999999999998
 0.1000000000000002
 -0.4499999999999998
 -1.2
 -1.65
 -0.09999999999999978
 0.3000000000000003
 -0.6999999999999998
 -0.2499999999999998
 -1.4
 -0.1499999999999998
 -0.3999999999999998
 -0.4999999999999998
 0.1000000000000002
 -0.7499999999999998
 -0.3499999999999998
 0.3000000000000003
 -0.2499999999999998
 -0.4499999999999998
 -0.6999999999999998
 -0.2999999999999998
 -0.2499999999999998
 -0.2499999999999998
 0.1000000000000002
 -0.2499999999999998
 -0.2499999999999998
 -0.3499999999999998
 -0.04999999999999978
 -0.2499999999999998
 -0.9499999999999998
 0.6000000000000003
 0.3500000000000003
 -0.5499999999999998
 -0.3999999999999998
 -0.7999999999999998
 -0.3499999999999998
 0.4000000000000002
 0.7000000000000003
 0.8500000000000003
 0.6000000000000003
 -0.4999999999999998
 -0.3999999999999998
 -0.2499999999999998
 -0.5499999999999998
 -0.2999999999999998
 -0.04999999999999978
 -0.4499999999999998
 -1.2
 0.5000000000000002
 0.05000000000000022
 -0.04999999999999978
 -0.3999999999999998
 -0.3999999999999998
 -0.09999999999999978
 0.2500000000000002
 -0.5499999999999998
 0.3500000000000003
 0.2000000000000002
 0.2500000000000002
 -0.5999999999999999
