# Created by Octave 3.2.4, Sat Nov 03 14:51:03 2012 CDT <zac1164@zac1164-VirtualBox>
# name: data_slant
# type: matrix
# rows: 250
# columns: 3
 0.04113270653131433 0.4314862218999017 -0.3903535153685873
 0.07983479695956798 0.4409824773916792 -0.3611476804321112
 0.06611505944813759 0.443556409187015 -0.3774413497388773
 0.07340803712535826 0.444712090041319 -0.3713040529159607
 0.09085654435188148 0.4284909169951732 -0.3376343726432918
 0.05161767581381031 0.3902040384379968 -0.3385863626241865
 0.05142757236679116 0.416180156263149 -0.3647525838963578
 0.05666947073847139 0.4143118859711308 -0.3576424152326594
 0.02126795082088672 0.3965667917536511 -0.3752988409327644
 0.03612916620653987 0.4010799544920347 -0.3649507882854948
 0.03932164591363781 0.4091366941737991 -0.3698150482601614
 0.033711650971614 0.417484532292038 -0.383772881320424
 0.06464291535322754 0.4252387740883449 -0.3605958587351173
 0.05758156512089436 0.4312436554643225 -0.3736620903434282
 0.009681508266497574 0.4234280148906128 -0.4137465066241152
 0.04604844996750087 0.4054908744716695 -0.3594424245041686
 0.03070887959011071 0.4449883247300812 -0.4142794451399704
 0.05338399477361978 0.426766093700833 -0.3733820989272132
 0.03453944951946934 0.3951266728644621 -0.3605872233449927
 0.0270690610274497 0.4053966631416375 -0.3783276021141879
 0.04938901447864506 0.4314117180590422 -0.3820227035803972
 0.04799317786520643 0.4158217634014201 -0.3678285855362138
 0.08695141293097854 0.4216649908860136 -0.334713577955035
 0.04373526891844134 0.4071396309325361 -0.3634043620140948
 0.02887548458953742 0.3906686273687097 -0.3617931427791723
 0.01556441825124611 0.2992721422007675 -0.2837077239495213
 -0.009141712161931223 0.2988829519275442 -0.3080246640894755
 0.01184549560924986 0.3204809639259725 -0.3086354683167227
 0.00662719158303848 0.3150981770615373 -0.3084709854784988
 -0.009336749339870679 0.3070875781482584 -0.3164243274881291
 -0.009460556509976495 0.3015023771323101 -0.3109629336422867
 0.01264274301123426 0.2942274226762414 -0.2815846796650071
 0.01832122909269364 0.3042945643953907 -0.285973335302697
 0.02476766138344174 0.3190671499552313 -0.2942994885717896
 0.0001141084069949584 0.3132967916945319 -0.313182683287537
 -0.02707015244483487 0.2994806811707024 -0.3265508336155373
 -0.03338895895472956 0.2694760641996012 -0.3028650231543307
 -0.005671174178771973 0.2780031693909853 -0.2836743435697573
 0.01330222902124022 0.3124571161075245 -0.2991548870862842
 -0.0195508143086647 0.2662993300470998 -0.2858501443557645
 -0.007642553975008101 0.2936293872247827 -0.3012719411997908
 -0.0190586947650727 0.3002912906531508 -0.3193499854182235
 0.01194166393788181 0.3004709671798945 -0.2885293032420126
 0.01809099233700659 0.3144369497921732 -0.2963459574551666
 0.007534012200412065 0.3066771066243942 -0.2991430944239821
 0.03161600948399985 0.3605994091103771 -0.3289833996263773
 0.01628708487412526 0.3184969725407975 -0.3022098876666722
 -0.008363866302570687 0.3077595999965491 -0.3161234662991198
 -0.007608884075295075 0.3183887708770527 -0.3259976549523478
 0.0256099355338426 0.3275586810183784 -0.3019487454845358
 0.1411015310251303 0.4208670985537117 -0.2797655675285815
 0.148321805023369 0.4150925472115112 -0.2667707421881422
 0.1805190454448828 0.4394844435805637 -0.258965398135681
 0.1500432541173478 0.4224581765001064 -0.2724149223827587
 0.1273345611136293 0.3885540954288709 -0.2612195343152416
 0.1047343497338177 0.3968018042048463 -0.2920674544710286
 0.09296956397072764 0.3680683349695287 -0.2750987709988011
 0.1032610702228786 0.3797301285303478 -0.2764690583074692
 0.08725717796129151 0.3612244329054089 -0.2739672549441174
 0.1069081877939938 0.4027146068138578 -0.295806419019864
 0.01023137427615279 0.3269076079055322 -0.3166762336293795
 0.03364650569100597 0.3063385438642693 -0.2726920381732634
 0.05443707407587253 0.3332600456700475 -0.2788229715941749
 0.1556493784115589 0.4514415561930233 -0.2957921777814643
 0.06821664153874191 0.358999083705504 -0.2907824421667622
 0.1084616903918536 0.3829077995792652 -0.2744461091874116
 0.07782016712059925 0.3580463053338376 -0.2802261382132384
 0.1294384810753219 0.3880732568441164 -0.2586347757687945
 0.1026334288378069 0.38734253274952 -0.2847091039117129
 0.1047282382208257 0.3962164461596628 -0.2914882079388371
 0.08759604991168402 0.3501419527039327 -0.2625459027922487
 0.08587412494524216 0.3751391110364503 -0.2892649860912082
 0.105047213378217 0.3965612893999923 -0.2915140760217753
 0.0992925160353926 0.3550440266056177 -0.2557515105702251
 0.06681571936826917 0.36188350234082 -0.2950677829725508
 0.21968360675441 0.4679159752908546 -0.2482323685364446
 0.2163721425472874 0.4834835322383337 -0.2671113896910464
 0.2025415527148183 0.4600005102806705 -0.2574589575658521
 0.2467676345752108 0.4779306074446424 -0.2311629728694316
 0.264643318300088 0.4859527918593147 -0.2213094735592268
 0.2106045072967652 0.4602370668668608 -0.2496325595700956
 0.1818915531378254 0.4654617733546938 -0.2835702202168683
 0.2062737653184704 0.4691178089469019 -0.2628440436284314
 0.2123382004382401 0.4770935655071229 -0.2647553650688828
 0.2204375479075446 0.4762130544546547 -0.2557755065471101
 0.2358975175249323 0.4884248100190659 -0.2525272924941336
 0.2604202374782495 0.5092163362557343 -0.2487960987774847
 0.2591309943406029 0.5027193634226168 -0.2435883690820139
 0.2902665641545041 0.5275194867945777 -0.2372529226400736
 0.2550523214892595 0.5055455181176037 -0.2504931966283441
 0.2633315519276984 0.5079761394608486 -0.2446445875331502
 0.2677904898706563 0.5249940761614873 -0.257203586290831
 0.3340033123306524 0.5573174055642403 -0.2233140932335879
 0.3033089756260578 0.5458685810521684 -0.2425596054261106
 0.2910083692384039 0.5337140598278338 -0.24270569058943
 0.2998248581017308 0.5318687686175778 -0.232043910515847
 0.2828146528806847 0.5173421723595755 -0.2345275194788907
 0.2936034363026318 0.5399221040021961 -0.2463186676995643
 0.2939345850781696 0.5356366569467549 -0.2417020718685853
 0.2780778033971744 0.5104045506705834 -0.2323267472734091
 0.2558674092574611 0.5286789945834486 -0.2728115853259875
 0.2380235901119393 0.5024589346057025 -0.2644353444937632
 0.2196501039072381 0.4941363100638984 -0.2744862061566602
 0.2490644106448624 0.5287760340456115 -0.2797116234007491
 0.2532206292139716 0.5154060450446117 -0.2621854158306401
 0.2609974421039444 0.5206799832551293 -0.2596825411511849
 0.2883819808397821 0.5254707295981484 -0.2370887487583664
 0.296652075195099 0.5292331898911483 -0.2325811146960494
 0.2819664354196613 0.5103377753294602 -0.2283713399097989
 0.283724493563398 0.519818584924242 -0.2360940913608441
 0.2490785597179647 0.5000259855828225 -0.2509474258648578
 0.244887525811858 0.5205189640037067 -0.2756314381918487
 0.2592139021809227 0.506608974686079 -0.2473950725051562
 0.3129111758480016 0.5289585248406325 -0.216047348992631
 0.3291124989417867 0.5638598846926506 -0.2347473857508638
 0.2667691351827253 0.4995366279872027 -0.2327674928044775
 0.2223405489207673 0.4824766427043779 -0.2601360937836106
 0.3185291200348502 0.5539772356919336 -0.2354481156570833
 0.2692616941013657 0.5151519055040941 -0.2458902114027283
 0.2963035351896143 0.5530656855592971 -0.2567621503696829
 0.2561317435358563 0.5111486014187749 -0.2550168578829188
 0.2730352095219796 0.5193137592462554 -0.2462785497242758
 0.2809956412046842 0.523128960560998 -0.2421333193563138
 0.3065667350360791 0.529027789184715 -0.2224610541486359
 0.2876343129444139 0.555503215468711 -0.267868902524297
 0.1492187754437032 0.3889811388875151 -0.2397623634438118
 0.1637247597526272 0.4046850774350344 -0.2409603176824072
 0.175162629431572 0.4266799870394301 -0.251517357607858
 0.1832276255808745 0.4105913888578046 -0.2273637632769301
 0.162877925835222 0.4266803804377422 -0.2638024546025202
 0.1803640608568583 0.4061946932108199 -0.2258306323539616
 0.163152615348175 0.4061759931988366 -0.2430233778506616
