# Created by Octave 3.2.4, Sat Nov 03 01:49:39 2012 CDT <zac1164@zac1164-VirtualBox>
# name: data_slant
# type: matrix
# rows: 250
# columns: 1
 0.04113270653131433
 0.07983479695956798
 0.06611505944813759
 0.07340803712535826
 0.09085654435188148
 0.05161767581381031
 0.05142757236679116
 0.05666947073847139
 0.02126795082088672
 0.03612916620653987
 0.03932164591363781
 0.033711650971614
 0.06464291535322754
 0.05758156512089436
 0.009681508266497574
 0.04604844996750087
 0.03070887959011071
 0.05338399477361978
 0.03453944951946934
 0.0270690610274497
 0.04938901447864506
 0.04799317786520643
 0.08695141293097854
 0.04373526891844134
 0.02887548458953742
 0.01556441825124611
 -0.009141712161931223
 0.01184549560924986
 0.00662719158303848
 -0.009336749339870679
 -0.009460556509976495
 0.01264274301123426
 0.01832122909269364
 0.02476766138344174
 0.0001141084069949584
 -0.02707015244483487
 -0.03338895895472956
 -0.005671174178771973
 0.01330222902124022
 -0.0195508143086647
 -0.007642553975008101
 -0.0190586947650727
 0.01194166393788181
 0.01809099233700659
 0.007534012200412065
 0.03161600948399985
 0.01628708487412526
 -0.008363866302570687
 -0.007608884075295075
 0.0256099355338426
 0.1411015310251303
 0.148321805023369
 0.1805190454448828
 0.1500432541173478
 0.1273345611136293
 0.1047343497338177
 0.09296956397072764
 0.1032610702228786
 0.08725717796129151
 0.1069081877939938
 0.01023137427615279
 0.03364650569100597
 0.05443707407587253
 0.1556493784115589
 0.06821664153874191
 0.1084616903918536
 0.07782016712059925
 0.1294384810753219
 0.1026334288378069
 0.1047282382208257
 0.08759604991168402
 0.08587412494524216
 0.105047213378217
 0.0992925160353926
 0.06681571936826917
 0.21968360675441
 0.2163721425472874
 0.2025415527148183
 0.2467676345752108
 0.264643318300088
 0.2106045072967652
 0.1818915531378254
 0.2062737653184704
 0.2123382004382401
 0.2204375479075446
 0.2358975175249323
 0.2604202374782495
 0.2591309943406029
 0.2902665641545041
 0.2550523214892595
 0.2633315519276984
 0.2677904898706563
 0.3340033123306524
 0.3033089756260578
 0.2910083692384039
 0.2998248581017308
 0.2828146528806847
 0.2936034363026318
 0.2939345850781696
 0.2780778033971744
 0.2558674092574611
 0.2380235901119393
 0.2196501039072381
 0.2490644106448624
 0.2532206292139716
 0.2609974421039444
 0.2883819808397821
 0.296652075195099
 0.2819664354196613
 0.283724493563398
 0.2490785597179647
 0.244887525811858
 0.2592139021809227
 0.3129111758480016
 0.3291124989417867
 0.2667691351827253
 0.2223405489207673
 0.3185291200348502
 0.2692616941013657
 0.2963035351896143
 0.2561317435358563
 0.2730352095219796
 0.2809956412046842
 0.3065667350360791
 0.2876343129444139
 0.1492187754437032
 0.1637247597526272
 0.175162629431572
 0.1832276255808745
 0.162877925835222
 0.1803640608568583
 0.163152615348175
 0.1525484322639783
 0.1582708797955476
 0.1678869165300381
 0.1201192906148349
 0.1471690172539196
 0.1714088271514421
 0.2084980537194105
 0.1727508956866299
 0.189886103129938
 0.1561290400999442
 0.1641408008827079
 0.1355400683735778
 0.1343395854178549
 0.1834611716303639
 0.2293717988597047
 0.1947248177202009
 0.1629527331493986
 0.1917402057901184
 0.2117262698927357
 0.2311156924046527
 0.2621221927073672
 0.1996585827525794
 0.1707313287484079
 0.1762563674248644
 0.1650795589647566
 0.2051887583729253
 0.1691578174515579
 0.1645861598444529
 0.1737944553554376
 0.2285510645203129
 0.1640040324933984
 0.2073203832230121
 0.1951771683973703
 0.2144630559088939
 0.1913388969739744
 0.2026447045390498
 0.1821545697994475
 0.2234542840813828
 0.2344436263428657
 0.2131527061070287
 0.2812832218164928
 0.2791665833050012
 0.301211790948355
 0.2613122902344855
 0.2825190915662546
 0.2989932638851172
 0.2828887215426961
 0.316799760582435
 0.3309280627533502
 0.3011912620655584
 0.3263057503553902
 0.3093240092790744
 0.3001369104446309
 0.2933200756846036
 0.2733173402051194
 0.2854056323579847
 0.2991420599733727
 0.3106095722604756
 0.2992556941211291
 0.3015998292350932
 0.280425887300496
 0.308368962704448
 0.3051936937049686
 0.3034779763349884
 0.3048924802056651
 0.3332039538270976
 0.2825704641286068
 0.2902904902934347
 0.2213118127702092
 0.1986040937861277
 0.1772424701143244
 0.1737328063552431
 0.1672339286470282
 0.1780236097498812
 0.1822692276428617
 0.1697631642903867
 0.1780110549498794
 0.22916021532977
 0.1766242830486424
 0.1865939158812003
 0.200282553023592
 0.2458636748359204
 0.2263565981473007
 0.2279231498693781
 0.2432631143271701
 0.1823183029919161
 0.2139430569789145
 0.246534997011457
 0.2252820517002751
 0.2057264788918631
 0.2499991134891673
 0.2337717808989992
 0.2136070776268667
 0.1963241103570587
 0.2426095199351517
 0.2554578455191651
 0.2570733233283315
 0.26862549035546
 0.2576114876786577
 0.2244603208175634
 0.2764025359003747
 0.2355806034235129
 0.286733904729743
 0.2282618191951303
 0.2316808294717332
 0.2399041682619784
 0.2558412017995508
 0.2160230005825581
 0.1419836031913937
 0.256831906787489
 0.2785974201789034
 0.2239485286886296
 0.2988132716489036
 0.1604292164913668
 0.194678327538389
 0.2545646332446085
 0.2076081989227112
 0.2211493279782863
