# Created by Octave 3.2.4, Wed Oct 31 22:06:20 2012 CDT <zac1164@zac1164-VirtualBox>
# name: data_slant
# type: matrix
# rows: 250
# columns: 1
 0.7543690724667801
 0.770052338386753
 0.7429371597502524
 0.7639910059762415
 0.802521292512528
 0.8256498087064527
 0.7766065286773167
 0.8013101013573064
 0.7973400776219984
 0.801623511830404
 0.7834657836495103
 0.7593485876923041
 0.7801575111391463
 0.7723107598081744
 0.7356039037405447
 0.8103453600872687
 0.7140841775957369
 0.7668478173916519
 0.8132055094507944
 0.7898161222004968
 0.7595312565538529
 0.7866948502560174
 0.8057209267446962
 0.7932714668108529
 0.8096574060986126
 0.9973489067060668
 0.9850422829350514
 0.9547525596488947
 0.959420914783883
 0.9657420586367043
 0.9765090436585826
 1.006594921955043
 0.9921952209296434
 0.9734069575851924
 0.9645869599548391
 0.9639075207228806
 1.033041341645289
 1.02786695604926
 0.9599285440806864
 1.04740431099299
 0.9944847793664983
 0.972137904494387
 0.9931929249894147
 0.9640377545826997
 0.9806289035236201
 0.8915091968866354
 0.9607455843034418
 0.9657640096867406
 0.9438416466647551
 0.9487015261404704
 0.8552226218979599
 0.8687210673854676
 0.8589520907855057
 0.8588869391522859
 0.895681137713129
 0.8633716251878951
 0.9035772527240387
 0.8948634657801807
 0.9052820099743428
 0.8605116432483861
 0.931207655736465
 0.9840948457577336
 0.9510959701905758
 0.8128617586247675
 0.9115746585357164
 0.8869228571529539
 0.9132015739783506
 0.8939661732922647
 0.8812628230119202
 0.8678724914314364
 0.9395782426141995
 0.8801098740854787
 0.861955577212136
 0.940684515449045
 0.8971385842281464
 0.8539826989694336
 0.824954167550415
 0.852555669631784
 0.8602525604215291
 0.8478072865790346
 0.8642756056613228
 0.8281898059025927
 0.8391761561752323
 0.8379294346934648
 0.8387625306625179
 0.8353071433217999
 0.8229020871066043
 0.8201354814239026
 0.8172579145849724
 0.8224887859037031
 0.828007518388073
 0.8046640236742332
 0.7996659067155755
 0.795984758465736
 0.8056897274861958
 0.8140568869934988
 0.8220272194085848
 0.7973378081183105
 0.8043870519690477
 0.8245209608463101
 0.759227167077972
 0.8060674676948529
 0.7969808224663932
 0.768700335718514
 0.7868427560264163
 0.7909875247771815
 0.806166920280831
 0.7976175151820125
 0.8174641049103791
 0.8001936959896951
 0.8005441038139397
 0.778585862824459
 0.804738509327568
 0.8172926342246405
 0.7791454374407895
 0.8197843759220944
 0.8098982983735847
 0.7891002125604608
 0.8059901778862156
 0.7579267448420135
 0.7998545516112384
 0.800203300826847
 0.8015841115230227
 0.8197567359511345
 0.7590218513686627
 0.9103836242808678
 0.8996823260573609
 0.8651528437492092
 0.9024391026122331
 0.8627398181020633
 0.9119514352356802
 0.8918275054216589
 0.9424678188889403
 0.9166872683110516
 0.9271816357029624
 0.9384806908882857
 0.9159518720451632
 0.881476020121435
 0.8778766692567583
 0.9179772761755896
 0.887697683930035
 0.8867852086069444
 0.9030183121343857
 0.9005540659722064
 0.9003906124762835
 0.9147156312012864
 0.9240120965955615
 0.9182536496369714
 0.8827743084825216
 0.883319072493715
 0.7811095721954754
 0.8013491919239296
 0.7927522409974012
 0.8084915561988181
 0.8551443327773999
 0.9100664329756942
 0.8604979504342026
 0.8774828216039158
 0.8639388039219557
 0.8602012674560964
 0.8536369456687242
 0.8175801614457602
 0.8846008090642811
 0.8594677956811513
 0.8663856256235732
 0.9073754615392793
 0.8643873137481024
 0.8576944863218728
 0.8332117732783392
 0.8184014399071076
 0.850931978012907
 0.8228867036821397
 0.8326011702110324
 0.8154611359350515
 0.8265512364328927
 0.8443029727561886
 0.8469470470337704
 0.8463077129477558
 0.8497239347897034
 0.848133774536027
 0.8527037728081295
 0.8463447498649862
 0.8284993088108776
 0.8423971078700232
 0.8402137464563433
 0.8708793346112628
 0.8624895484684076
 0.8643561678769248
 0.8616321975710614
 0.8462202216723639
 0.8422093730739906
 0.8490986095829174
 0.8267298815853712
 0.8509350655115588
 0.8223078439904375
 0.8400922262033088
 0.8430955336101955
 0.8634231245669246
 0.8384843774421722
 0.8522116369007597
 0.8540176570328063
 0.8731701137430317
 0.8953493382593702
 0.8751327143268619
 0.8788635377594398
 0.8886726913344924
 0.9237931084209412
 0.9433974631772026
 0.9029817457773439
 0.9099906463603916
 0.8509042860615641
 0.8834210307373384
 0.8875172366256266
 0.8748892758929512
 0.8372423254253468
 0.8765159195073465
 0.8632756532141989
 0.8934859696929263
 0.8604925822975837
 0.8663349384983255
 0.8992223098205467
 0.887773486332316
 0.8581837301840508
 0.8873157438494038
 0.8645423927898946
 0.8677303583245494
 0.7998571119707595
 0.7772252344195649
 0.8016581018726124
 0.8288653659444077
 0.8012400745402994
 0.8411245085151695
 0.843477245785805
 0.7807313806637882
 0.8218884983676864
 0.7884833763102197
 0.7872734879105691
 0.7865674138389855
 0.818417702281433
 0.7863448671622815
 0.7831484257134921
 0.8135239968803316
 0.8108175851069392
 0.793672830628269
 0.7774059093743273
 0.8069573337392693
 0.8036151242311084
 0.789882266297421
 0.786838082870885
 0.7723544488735201
