# Created by Octave 3.2.4, Sat Nov 03 14:51:45 2012 CDT <zac1164@zac1164-VirtualBox>
# name: data_slant_energy
# type: matrix
# rows: 250
# columns: 1
 48707.23238084812
 46281.3621416666
 39676.20660621437
 54566.00717958696
 55143.39486450258
 57768.755692597
 45196.03954679547
 46306.23242316113
 51350.45863928129
 49382.69203080757
 63305.30867854919
 56609.65822635441
 50332.43090598669
 41985.45269852001
 36316.29894307838
 52263.01277829576
 40495.39361231403
 40331.45271737368
 51749.06312015869
 50088.681700777
 43166.33027617008
 40854.45921402663
 41774.37295119854
 46228.6543898637
 54588.08814373997
 157211.8859658865
 126470.7224727409
 120723.1043956266
 107373.3772810284
 143017.9229654777
 115861.4160012324
 121604.9657468817
 140227.4578179096
 127026.2028623015
 104712.9574781708
 115952.9204302039
 148223.8293490393
 132407.3401248288
 111729.4741752932
 161474.1133600828
 102099.7097519678
 120009.0361303055
 136510.009155441
 121774.5238651371
 117425.2153353695
 118168.4698613379
 115978.6727357308
 112858.4559448679
 125175.0251402485
 148522.7089036856
 135621.7258684204
 122685.4577448044
 114249.7923456681
 113016.359171929
 136518.8732776941
 113672.2361068439
 139534.9841236978
 118318.2062794091
 127725.1011526433
 117081.2751697057
 136672.8051907198
 173788.5016810879
 135865.0633638839
 180670.7519449515
 133329.0655117149
 143837.6148598437
 155945.5061659923
 139952.3635425389
 96690.34806040976
 132886.7459841119
 169086.0715501835
 143892.2567959588
 131966.6107181784
 143576.6294076897
 115926.2202467828
 88339.03663836242
 104254.349732452
 93251.43878222309
 137791.8520184926
 144367.8148867801
 121450.4019544928
 103989.2944439551
 94062.04766735116
 105713.0796529526
 118188.3937608914
 125081.3327041499
 120104.2920261192
 102785.2796650106
 125374.5720927875
 124869.1304655877
 107426.8412611501
 108383.8131341444
 115986.9197791671
 103630.1139376613
 94812.92483825037
 133832.9758304357
 118908.7601792591
 83790.72527430803
 117004.8417426981
 112631.0210528101
 73845.65897360543
 95055.38945823467
 117157.7834222792
 101447.599822601
 102050.409529445
 86606.45107578304
 109591.9569511108
 112187.3816628006
 137121.7659757588
 110595.8432819286
 99120.58779860311
 92119.55463422094
 87154.2983436861
 122453.0700153538
 127757.947978896
 94833.2119286002
 119011.3623694568
 95086.18113580269
 110660.1567814495
 98892.07005889664
 125212.1524107884
 99917.03035144674
 95307.68022746092
 122234.6341380541
 111635.394912741
 107761.6469507182
 95188.43057959093
 78868.2404619685
 87920.49717036792
 68662.06177500809
 99843.91379083045
 84821.12789651098
 98679.29413127012
 87693.64390461748
 81644.40857638838
 98827.8231441168
 100216.7101280495
 83323.28199683141
 96819.51041921868
 81917.68363587582
 78614.26677312462
 66766.15899778859
 99825.97878457242
 88684.92046190855
 106061.6910763222
 81646.06449427253
 106540.7000175082
 124265.5006366927
 85691.28262109729
 76323.94374404094
 96349.73823399785
 111664.8843329412
 115551.758233293
 90646.86095698137
 126190.5345485214
 136367.6690820378
 90930.64044176191
 111406.7225940982
 110839.6197351327
 94345.24627817294
 96867.25710439832
 86687.91068230488
 130282.2920457386
 151606.9827982379
 126896.9291605203
 118355.8433877572
 95895.03619341939
 123659.2636802299
 113863.5937575931
 107267.0030139896
 130109.5631642977
 107904.5787591597
 109940.763627459
 141567.6197453348
 154943.4722226275
 101002.3295912257
 77675.41852836621
 82275.47188744762
 78792.16721993023
 103578.0155857431
 83126.11777336919
 78873.75785496157
 86675.67572754039
 86826.09199468757
 82108.13554784906
 91807.67898432197
 103029.5828829068
 112071.1011583967
 107688.759945447
 98146.75253565777
 128534.9197638017
 117497.8427748063
 80962.97186366514
 112632.9738342804
 79822.8657550951
 96758.81766920553
 124501.358516991
 100908.5253165356
 104295.6584833148
 120318.1424625697
 84911.84023059097
 89268.78171309689
 113139.3077751698
 75010.05639080623
 91278.14773791513
 121002.116500131
 107703.591370867
 130288.0675253272
 74122.85853257091
 100376.2116268211
 64074.58954803518
 83921.07610202848
 95305.34677907902
 79500.81029336719
 85778.07279515124
 75342.4740156687
 88051.78270287516
 69792.50632495784
 69895.58668341316
 75768.01910957281
 78951.08683380253
 75141.4192919609
 79095.25564202362
 74967.19244186707
 83886.6389451554
 100599.2524809042
 92695.99062547577
 80346.12230145812
 127592.3385597679
 118687.710759796
 92582.08228764338
 93667.50615478227
 124625.4651940028
 104121.2045154248
 119059.9273517826
 103127.2890255098
 103893.7317340258
 94852.22442817019
 106077.9349779533
 104344.7143886305
 65958.91711294091
 92039.42679744898
 113583.7973395243
 91083.95602379563
 88687.68655346692
 88815.47007642158
 86899.18882931181
 77016.59564981084
 96393.16593647729
 86859.31704336214
