# Created by Octave 3.2.4, Sat Nov 03 23:14:36 2012 CDT <zac1164@zac1164-VirtualBox>
# name: data_asc
# type: matrix
# rows: 500
# columns: 1
 1.185623906313097
 1.757339163023111
 1.62632802124834
 2.299709422997094
 1.873061550759392
 1.480019105238019
 1.835162979226482
 1.904698433855382
 2.12863913337847
 1.690456152162936
 1.788180797304885
 3.104527669088876
 2.164748093885484
 2.359186864738076
 1.142260266992765
 4.21625344352617
 1.975617380431385
 2.786816011751744
 2.14878892733564
 1.984584980237154
 1.012645794966237
 1.384779516358464
 2.2085734870317
 0.9992891837460016
 1.13080796520943
 0.8553111746720584
 1.097138296659446
 1.387415096757657
 1.377628063654315
 1.257684256913077
 1.585930735930736
 2.001655629139073
 3.386247366837195
 3.020958083832336
 3.357736833523561
 1.82819321222363
 2.60938232994527
 2.843083275980729
 2.959050527484731
 2.195533769063181
 1.601489117983963
 0.5568910256410257
 1.842558007923033
 1.596639603067208
 0.7817412816215785
 4.812953238309578
 0.8074922801885259
 2.709893455098935
 0.9101830663615561
 1.102329869259135
 1.57180550320392
 1.211733421971082
 2.312785388127854
 2.452717795979151
 1.766799246388947
 1.632192553591576
 0.7280285035629454
 1.847684653654803
 1.214133089133089
 1.030671120558761
 1.834516165371184
 1.97907949790795
 2.359132007233273
 1.293445878848064
 1.406944791406445
 1.896681063878154
 2.645770544504722
 2.807742144476838
 1.3142383714049
 1.180384532296392
 2.527128263337117
 1.583662261884331
 1.59479015918958
 0.7908189346692567
 2.326996892707001
 3.237524303305249
 3.165060615480261
 1.493132861066937
 1.030587668593449
 1.854040404040404
 1.418320859095347
 1.555537135278515
 1.054057412700385
 1.568527022253621
 1.837061403508772
 2.719505340078696
 1.524275062137531
 1.129237601776462
 0.868245357813478
 1.660945545326884
 1.188664288545382
 0.5888218075375046
 1.311967662768875
 0.7632347785438822
 1.898001665278934
 0.5205119789957335
 0.7001457235735904
 1.334117647058824
 0.5481598317560462
 1.520677361853833
 1.529745042492918
 1.327630453378956
 1.326516544117647
 1.059793440840732
 0.9256183426611302
 1.269179768895624
 1.470053238686779
 2.149209750870614
 2.781729428172943
 1.218899750814644
 1.822035721971164
 1.677228659257508
 1.477188173095751
 1.36583604189238
 2.296390120329322
 1.65871000507872
 1.492936522885666
 1.276322547508988
 1.723115236585918
 2.031025641025641
 5.740729101194217
 4.781100141043724
 3.527850304612707
 4.259095149253731
 3.886581469648562
 3.645358804800392
 2.813090198632367
 2.539183820873962
 2.520193591455274
 3.169866520387639
 3.347584973166369
 3.457084188911704
 2.896509863429439
 3.778761061946903
 3.796354635463546
 3.405640668523677
 4.597915115413254
 3.127494287890328
 3.471573907839617
 2.889683350357508
 1.344486604576291
 2.476522129858459
 2.599212598425197
 0.6238875044499822
 1.382312240533401
 0.3722539631447654
 0.3780839249314684
 0.6731297034085879
 1.332710513203787
 0.4557984790874525
 1.484461097641613
 1.469763548859594
 0.8611636902312567
 0.8621808556058407
 2.948832487309645
 3.55251666283613
 2.482145937553907
 2.756891271056662
 1.4975671918443
 2.370822192513369
 1.756245502210342
 2.412405146816232
 1.632133554345252
 3.144079636744674
 2.236302601606522
 1.494629734313171
 1.979214030529393
 2.817593984962406
 1.844043499752842
 1.420783645655877
 3.693138979643126
 2.981598984771574
 2.874589739160477
 2.805526355308605
 2.159123146357189
 2.910696266397578
 3.515252621544328
 2.301521667217995
 2.27321969093516
 2.72402195078775
 3.353584797005471
 2.101018859744201
 2.413589743589744
 2.226556184316896
 3.545570427023582
 2.78678955453149
 1.269428217383608
 2.135279458882164
 1.817957009701351
 2.15956043956044
 2.165760470242469
 3.047026279391424
 2.219819597182751
 1.797990343207621
 2.121072696200867
 1.715810995002272
 1.770304278197209
 1.687309763521424
 2.119545335772145
 1.806628487876203
 1.064471335052569
 0.681799591002045
 3.838767574035298
 0.943304347826087
 1.472627194287415
 0.8659922928709056
 4.634309623430962
 1.244367994673177
 1.113469216221895
 1.432986943778311
 1.042966983265491
 1.363876768478117
 1.583901192504259
 1.714609929078014
 2.476159085915183
 2.508715184186882
 3.276568825910931
 2.311914574747096
 2.392864222001982
 2.880204081632653
 1.533005057226511
 1.920069095477387
 2.537476198719058
 1.011980491942324
 5.063405214032829
 2.008512031429039
 1.194271332694151
 2.155937052932761
 2.864334470989761
 1.907128514056225
 1.564761582685154
 3.295027816411683
 1.784236711180937
 1.830992583241281
 1.669219722355194
 2.5126312335958
 3.630015313935682
 1.730817295676081
 2.325735051205814
 1.033056154398932
 2.985953878406709
 1.380653828929691
 1.816585084940973
 1.43666082895505
 1.570899392502593
 2.129764453961456
 1.059767084157328
 2.284194812465012
 1.458057076967426
 1.890871245911389
 3.042488971441839
 2.726499454743729
 1.399849056603774
 3.111786852012743
 1.11778962675715
 3.319533203667686
 2.248986212489862
 1.668526637438555
 3.607843137254902
 1.524794600938967
 1.453933747412008
 2.725753061900033
 2.22354133487766
 1.373065764023211
 1.348670756646217
 1.768688619295205
 1.714019715224534
 2.692732454577841
 1.76249152159168
 3.074936278674596
 1.490489913544669
 1.777798933739528
 1.119127086007702
 1.651128266033254
 1.092467850581751
 2.606544754571704
 1.497146562905318
 2.018567639257294
 1.741831238779174
 2.626007405793945
 1.424155920858352
 2.758649093904448
 2.173308619091752
 1.529260877826335
 2.203888528839922
 1.393853481515083
 1.134395169685613
 3.449947753396029
 1.438349686724199
 1.399152636860297
 0.9048166786484544
 2.542099192618224
 1.301418791546781
 2.799102468212416
 1.115225923316896
 1.36752380952381
 2.394542888505567
 2.686072692183982
 2.950319375443577
 1.913970110461338
 2.235534377127297
 1.115512708150745
 1.392851392690388
 1.128380187416332
 3.116430903155604
 1.646438562513449
 1.877636291285316
 2.006787330316742
 2.065860215053763
 0.868569415081043
 3.925318246110325
 2.62052274927396
 1.194994343891403
 1.519828326180257
 2.89552618200305
 3.078766363434657
 2.476941039112668
 1.41505653356233
 2.96523466600447
 2.512427409988386
 2.985499365597245
 2.6719485409476
 2.765018880878819
 2.494961832061069
 2.350489814958793
 2.261780104712042
 2.12992125984252
 1.781667799682755
 2.636487175131646
 1.835539215686274
 1.148275239299259
 2.444625166346296
 1.971416071168149
 1.30997526793075
 0.9202766654532217
 2.099038931422056
 1.505619203491544
 4.790078644888082
 3.887640449438202
 1.765805001404889
 0.7656124363441437
 1.745167740502111
 0.6291264316191332
 1.535545994673223
 1.904301817345296
 1.942245989304813
 0.7591947934009384
 2.529185520361991
 1.568972746331237
 2.339932399806857
 2.262658711947377
 1.251085540599219
 2.661899897854954
 2.137346192218158
 0.9914183781698969
 2.523842794759825
 1.635216614560072
 2.573223860589812
 1.266089108910891
 2.4403736948159
 0.8807339449541285
 1.92532971295578
 1.916994219653179
 0.9875671527244819
 1.534165067178503
 1.119118522930316
 1.059836808703536
 1.484890829694323
 0.919646673315287
 0.6861438093887392
 0.7105354297984345
 2.009876249405045
 0.8808420710395839
 1.358057039201854
 1.569491876228915
 1.197799895233106
 0.9545713471945315
 2.060892328704758
 1.361776229865041
 0.9373712402142563
 0.6576674452713347
 2.936077289571202
 1.771863506334287
 0.6210115811864807
 2.418117408906883
 1.263909954498284
 1.644750683778666
 0.5806560894359437
 1.028279883381924
 4.887326813365934
 1.2884437596302
 1.075463103552991
 0.8339909808342728
 1.254215775158658
 0.1895424836601307
 1.736708275543227
 1.327409542106949
 0.7097390197326544
 0.8850314465408805
 1.000409780084688
 0.3969610636277303
 0.4428770117226307
 0.6430808490894327
 0.4255184279634157
 0.3391692129820795
 0.5834922653104472
 0.3899156648124888
 0.3912003087610961
 0.5849666983824928
 0.5451205305134869
 1.006454659949622
 0.5969687197678168
 0.7029282882381581
