# Created by Octave 3.2.4, Sat Nov 03 23:31:00 2012 CDT <zac1164@zac1164-VirtualBox>
# name: data_curv_direct
# type: matrix
# rows: 500
# columns: 8
 0.06784810126582279 0.2749367088607595 0.07088607594936709 0.1113924050632911 0.0410126582278481 0.2658227848101266 0.07949367088607595 0.08860759493670886
 0.05685840707964602 0.3086283185840708 0.0584070796460177 0.08141592920353982 0.0334070796460177 0.3019911504424779 0.07477876106194691 0.08451327433628318
 0.06374111301789655 0.3164991419465555 0.05442510419220397 0.07992154939936259 0.03407697965187546 0.3103701887717578 0.06423142927188036 0.07673449374846776
 0.06864603074331438 0.3000631711939356 0.07348915561170773 0.08970309538850284 0.04127184670456938 0.2781638239629396 0.07454200884396715 0.07412086755106338
 0.06036054283978124 0.3001822969414624 0.06481669029775167 0.09844034838971034 0.03605428397812437 0.2898521369252582 0.0785902369860239 0.07170346364188779
 0.07522509439442347 0.2901539355213477 0.07551553877432472 0.08248620389195468 0.04269532384548359 0.270694162067964 0.08771420273017717 0.07551553877432472
 0.07021327582075246 0.2964294272705488 0.0709321830817158 0.1052000958543015 0.03570572729451234 0.2722262161514498 0.08027797747423916 0.06901509705248023
 0.06948798328108673 0.3006792058516197 0.06556948798328109 0.07654127481713689 0.03474399164054336 0.3025078369905956 0.07027168234064786 0.08019853709508883
 0.06830985915492958 0.2852112676056338 0.06549295774647887 0.08028169014084507 0.03626760563380282 0.2901408450704225 0.09014084507042254 0.08415492957746479
 0.07854523227383862 0.3016503667481663 0.07701711491442542 0.07396088019559902 0.04400977995110025 0.2888141809290953 0.07640586797066015 0.05959657701711491
 0.06987399770904926 0.3067964872088583 0.0628102329133257 0.08762886597938144 0.0418098510882016 0.2791141657121038 0.0672012218403971 0.08476517754868271
 0.06434145564580347 0.3199554069119286 0.06274884535754101 0.07596751075011944 0.03838190794712534 0.3029144768275203 0.06497849976110846 0.07071189679885333
 0.06589730724201372 0.3156046161565479 0.06021073758153538 0.08028098344204716 0.0388024753303228 0.2950326141495233 0.06439203880247533 0.07977922729553437
 0.07175636211931581 0.3024614100959533 0.07384230287859825 0.09240717563621194 0.03712974551522737 0.272215269086358 0.07196495619524405 0.07822277847309136
 0.0628883449444549 0.3189606477122952 0.06571267181321785 0.08642440218414611 0.03558651854641311 0.2916588213142534 0.06251176802861985 0.07625682545659951
 0.06121673003802281 0.3347908745247148 0.05855513307984791 0.06577946768060837 0.03022813688212928 0.3142585551330799 0.06007604562737642 0.07509505703422054
 0.0812366737739872 0.3191897654584221 0.06886993603411513 0.06695095948827293 0.03347547974413646 0.2884861407249467 0.0697228144989339 0.07206823027718551
 0.07199999999999999 0.308 0.06838095238095238 0.06685714285714285 0.04133333333333333 0.2984761904761905 0.07409523809523809 0.07085714285714285
 0.06738674834757376 0.3098500725455425 0.06674189908108979 0.08028373367725294 0.03288731259068193 0.2922779300338546 0.07641463807834918 0.07415766564565533
 0.08253484320557491 0.3094512195121951 0.06554878048780488 0.07534843205574913 0.03767421602787457 0.2837543554006969 0.06925087108013937 0.07643728222996515
 0.06992230854605994 0.2941176470588235 0.0660377358490566 0.09600443951165372 0.03773584905660377 0.2810765815760267 0.07963374028856826 0.07547169811320754
 0.06012861736334405 0.3057877813504823 0.06559485530546624 0.102572347266881 0.03215434083601286 0.2707395498392283 0.06623794212218649 0.09678456591639871
 0.07224242424242425 0.304 0.06303030303030303 0.09018181818181818 0.03806060606060606 0.2855757575757576 0.07006060606060606 0.07684848484848485
 0.07316449219749296 0.2972627270401637 0.07316449219749296 0.08416474801739575 0.04144282425172678 0.2637503197748785 0.07418777180864672 0.09286262471220261
 0.06117908787541713 0.3254727474972191 0.07052280311457175 0.08409343715239155 0.0335928809788654 0.2854282536151279 0.0760845383759733 0.06362625139043382
 0.07448979591836735 0.3043367346938776 0.07678571428571429 0.08698979591836735 0.03979591836734694 0.2798469387755102 0.075 0.06275510204081633
 0.06270996640537514 0.2924972004479283 0.08980963045912654 0.1063829787234043 0.02978723404255319 0.251063829787234 0.08667413213885779 0.08107502799552072
 0.07041139240506329 0.2850738396624473 0.0759493670886076 0.09599156118143459 0.03481012658227848 0.2697784810126582 0.08016877637130802 0.08781645569620253
 0.0671219512195122 0.2733658536585366 0.08136585365853659 0.09678048780487805 0.03804878048780488 0.2651707317073171 0.09209756097560975 0.08604878048780487
 0.06967300705278906 0.2831801667022868 0.08142765548194059 0.09510579183586236 0.03718743321222483 0.2686471468262449 0.08484718957042103 0.07993160931823039
 0.0567630680797557 0.1837614514100952 0.05191305909825759 0.2315430213759655 0.03610562241781929 0.1336446919346147 0.05281120890964613 0.2534578767738459
 0.05632267441860465 0.1707848837209302 0.0625 0.2445494186046512 0.02652616279069767 0.1453488372093023 0.05886627906976744 0.2351017441860465
 0.04881141045958796 0.1931854199683043 0.06481774960380349 0.2118858954041205 0.03169572107765452 0.1648177496038035 0.06735340729001585 0.21743264659271
 0.05081157374735357 0.2055986826629028 0.0621030345800988 0.21030345800988 0.02281816043283933 0.1689014349564808 0.05928016937191249 0.2201834862385321
 0.04600200736032118 0.2142857142857143 0.05921712947474072 0.1968885915021746 0.02977584476413516 0.18802275008364 0.06373369019739043 0.2020742723318836
 0.04796828543111992 0.1978196233894945 0.04935579781962339 0.2188305252725471 0.02933597621407334 0.175222993062438 0.05232903865213082 0.2291377601585728
 0.05718370264474625 0.1913867047891351 0.05325232308791994 0.2315939957112223 0.0368120085775554 0.1277698355968549 0.05432451751250893 0.2476769120800572
 0.05452240067624683 0.2043533389687236 0.07037193575655114 0.206043956043956 0.02852916314454776 0.1739222316145393 0.07058326289095519 0.1916737109044801
 0.04868289429809937 0.2080693564521507 0.06002000666888963 0.1965655218406135 0.02934311437145715 0.187729243081027 0.06318772924308103 0.2064021340446816
 0.05947955390334572 0.1982651796778191 0.0644361833952912 0.2116480793060719 0.03172242874845106 0.1625774473358116 0.06517967781908303 0.2066914498141264
 0.06791569086651054 0.3052302888368462 0.06869633099141297 0.09117876658860266 0.0351288056206089 0.2796252927400468 0.07213114754098361 0.08009367681498829
 0.07121705655907611 0.31448030796565 0.06233343204027243 0.07491856677524431 0.03849570624814924 0.2904945217648801 0.068551969203435 0.07950843944329286
 0.07083209066507605 0.3050999105278855 0.07485833581866985 0.08947211452430659 0.03310468237399344 0.2690128243364152 0.07694601849090367 0.08067402326274978
 0.06661828737300435 0.3403483309143687 0.06168359941944847 0.06313497822931785 0.03338171262699564 0.3039187227866473 0.07010159651669086 0.06081277213352685
 0.06649053280493175 0.3163070600322912 0.06458241596947013 0.08498458828709819 0.0365477763099956 0.2879788639365918 0.07089387934830471 0.0722148833113166
 0.07326178254783014 0.3051796546896873 0.07155078550318868 0.08275003888629646 0.04044174832788925 0.268159900451081 0.07326178254783014 0.08539430704619692
 0.07388798581350672 0.3234816018915324 0.06206590808334565 0.07137579429584749 0.03930840845278558 0.2877198167577952 0.06960248263632333 0.07255800206886361
 0.06580984825023227 0.3324558686899969 0.06054506039021369 0.06875193558377207 0.03607928151130381 0.3075255497057913 0.06952616909259833 0.05930628677609167
 0.07549076212471131 0.3340069284064665 0.06625288683602772 0.06379907621247113 0.04402424942263279 0.2973441108545035 0.06841801385681294 0.05066397228637413
 0.07607685156492099 0.3194917880384258 0.06647040594979857 0.07514719553765106 0.04369383328168577 0.2833901456461109 0.06941431670281996 0.06631546327858692
