# Created by Octave 3.2.4, Sat Nov 03 23:24:22 2012 CDT <zac1164@zac1164-VirtualBox>
# name: data_curv
# type: matrix
# rows: 500
# columns: 1
 14.43583753049837
 16.12905510076539
 16.31759726105132
 15.61746013576027
 16.00049533184147
 15.56880072754749
 14.53290587445204
 15.45191594573686
 14.98766218844207
 15.07096108754569
 15.0003873423796
 14.17756359951149
 16.58884489588274
 15.63712584778559
 16.10930538479715
 15.97461590552119
 15.18285511595674
 16.80089023608834
 15.9626542537268
 15.76007063957134
 16.14592563685396
 15.42851527754824
 15.43862033798729
 15.02836059383378
 15.02260014689959
 14.69060962506906
 14.81738049018679
 14.28440866376428
 14.60622884268369
 14.64281818440453
 15.70641913172075
 14.6418895350081
 14.80175652221834
 14.48015414697533
 11.99226659623991
 16.63585374357711
 15.0221888969425
 14.84007647893638
 14.92192511242698
 14.86270930144148
 14.1119845085805
 14.6537866728176
 13.95484101152944
 15.52329864792164
 14.34931872264008
 13.34000017210115
 14.5611453814386
 15.04285039420363
 14.02930307211346
 14.24991730247812
 16.82153562562571
 15.57901136349298
 15.92211643188774
 14.71276719130598
 15.29095725723096
 15.81154220514761
 16.28260083747822
 14.48022223202387
 15.64708298233451
 14.99208636548114
 16.2452300658193
 14.75304471876108
 14.58841872234662
 15.01651449285536
 14.45256959841472
 14.81396049303715
 15.47830058327096
 14.85079097950372
 14.57460663290384
 15.00274943916593
 14.54712582376225
 15.49633934409216
 14.16768624922084
 14.03219593073018
 15.76167838751291
 14.6058992265244
 14.17803457962848
 15.37404431078338
 14.11410967394528
 14.83296135826338
 14.70873534502281
 14.23105775157127
 15.67708373065809
 16.04304294916749
 14.93140680421623
 13.62560510038557
 14.64494666890528
 14.24164546390405
 14.7904521750222
 14.47700280483691
 15.18150709511135
 14.64907606414212
 14.35628682166225
 14.21082515679266
 14.05869903818374
 15.77895629220871
 15.56972332225267
 16.30110618663731
 15.64455152646832
 15.24311642035702
 12.7748308397916
 12.98165466752047
 11.94051241113105
 12.63965862870585
 12.26099911751646
 12.18449857591046
 12.12570944814725
 11.86901881762492
 12.96095613816802
 12.56532478307546
 16.18852856908709
 16.54169301449535
 16.52262890358556
 14.59755040966145
 14.92975624978368
 15.13150566393376
 15.59969844028596
 16.5409386102017
 15.78010282670048
 15.47397126530631
 18.04641109025401
 17.48676004465675
 18.65823902544147
 18.59501746686435
 20.120897269401
 18.6890241217126
 19.8116202017623
 19.63081306467287
 18.51410914041165
 19.47013126637469
 16.33491318946013
 16.96817610901004
 18.39722472245823
 19.27826117051637
 20.05162548416707
 18.47509918589289
 17.99098570740098
 19.44266733438485
 19.45965803069079
 20.03977679990529
 14.81475076424285
 14.99267807492335
 15.03692193295751
 14.8840149427358
 15.21974823472124
 14.45276641072139
 14.7190465873439
 14.93206533005728
 15.32983939061371
 14.86221965077542
 14.01187715449258
 13.80582181652902
 13.78032330458775
 14.19413565912241
 14.57179486228229
 14.44124733101472
 13.92226929583895
 14.65365122517555
 13.57318968608426
 13.55995112756459
 20.69945649130812
 20.70033686698632
 22.9937324287659
 23.57972704256271
 20.46288322699832
 22.09568658722204
 14.42152084857838
 23.3702138055391
 20.4875779352359
 22.82726612270276
 14.11239788864759
 13.76277471885598
 14.66493062743882
 13.8665288166672
 15.77266956102717
 14.76001177618427
 14.10284639210898
 13.37796622680972
 14.47548557498526
 14.51538791912342
 12.91996445338712
 13.66998485547571
 12.73025384099353
 13.88621065372618
 13.96487623653165
 15.63941553130815
 13.92286677599758
 14.48220187188493
 14.08340434030009
 14.66258281457529
 12.74237716168585
 12.31795429988803
 12.96329633878426
 12.95643982318492
 13.37464470454582
 13.47746575809644
 10.57065919081021
 12.12712760114493
 12.2458884272416
 12.99375643440645
 13.5983160118813
 12.62071705718534
 12.57337931271373
 13.76243328134162
 12.90226012741905
 14.66054988988736
 14.05901986282402
 13.66107705507646
 13.18337198760062
 13.9971532528008
 14.20875575828952
 13.39285482099796
 13.01634017585836
 13.78618257023176
 14.13252123002885
 13.96010192509249
 14.360470330095
 13.30593659848053
 14.1692654656864
 13.44360353575148
 13.88479044272528
 14.11780974670939
 14.26541845180606
 14.35865286529897
 14.53657085669529
 13.67534629228554
 13.85903737300738
 14.25711120749585
 14.18747392110085
 11.68812997043623
 13.92295973925565
 15.9781272987425
 14.33581376435456
 14.1074295545877
 14.84200632758438
 13.76614174541793
 14.55422908400414
 13.61751893189023
 14.79573852894803
 13.84932456790949
 13.56840893600016
 13.78445672232783
 13.76883348576815
 12.74786960394595
 13.55895229158204
 12.68013271803357
 13.13219355283126
 13.52976345814172
 13.69747891421117
 14.62138458650743
 14.05701843086
 14.07567106465475
 14.24872309064664
 13.14491955955336
 11.99858599187577
 14.06358225218113
 14.31634511550116
 13.89175179281877
 14.11935670789858
 13.95045993272283
 13.3418160254952
 12.64042440359182
 13.15074908502309
 12.99001618501975
 13.94141730334319
 13.49162477178473
 13.86750039804212
 13.23083780855778
 13.58442657044086
 13.72377597949498
 18.03601474735945
 15.74600852797644
 16.92963000852176
 17.6425883134219
 16.58690644541459
 17.35910796835513
 16.36271076744573
 15.73182243253119
 17.66658907155493
 17.25293423677779
 16.55295511200553
 15.77876324803409
 16.23596419597256
 14.26398264043108
 14.79327148523079
 17.16890432747462
 18.1043572739651
 17.21325779654206
 15.55025638890504
 16.68773192319228
 15.58973285126079
 15.53920737025289
 12.39336488608307
 14.42136247816907
 16.0076063229608
 14.67703738293876
 15.5598508732237
 15.51074345981336
 15.39107176138309
 16.62489017694885
 13.77901534849777
 12.3886779068921
 13.89916141400003
 13.53098000610718
 13.35233502119491
 13.42316823219935
 13.49811143251405
 12.8644659616129
 13.79533352568271
 13.12377488294763
 13.27489947726488
 13.26067397474594
 12.3363745092304
 13.33303443241748
 12.02305219177993
 13.11986120757305
 12.96352099619066
 13.31899324092486
 9.645870096287499
 12.65610711765521
 13.59111784710455
 14.60807074723904
 14.74611437011007
 14.16690413819511
 14.85302959555002
 15.15893416496373
 15.7233780150297
 14.73125423817568
 15.5330928834683
 14.98633206962752
 17.73858962363729
 16.36596650054823
 15.78610169612434
 14.86358301287691
 12.55651163904333
 15.96305488100388
 15.24844022317524
 16.59845513000638
 16.21986249475921
 15.7994819829122
 15.01791786188676
 14.77441914150087
 17.25830084155131
 17.08062745742991
 15.284255360781
 17.38498609416457
 16.00196684323927
 15.09920520369789
 15.45105083554571
 15.67555949298936
 15.12638720371002
 16.67708608734803
 16.85841106888793
 15.48096511580715
 18.51671631019752
 14.9600388282809
 16.86384356709619
 18.40079033365128
 16.78998930033407
 17.40284584166896
 12.33946637566324
 13.02372657616809
 14.17386983258683
 15.17480426651289
 14.76112139499724
 12.58852658488217
 13.61936008529458
 13.87110518947542
 13.16842058284449
 13.34371053428062
 16.4344127536657
 17.14607894712406
 16.71833329938804
 17.50424922477055
 16.31010841722054
 15.36625396118624
 17.58296581837628
 18.71388116505663
 16.92059783985915
 17.76743165002781
 15.71473186922594
 14.85193431617821
 14.83163857476869
 15.36250548689872
 15.30469701653654
 16.3216168845353
 17.04876520608049
 18.47200298105915
 18.26160737266679
 17.93504285829598
 13.7433822048199
 13.25011245250155
 15.06558077324522
 13.96377307479146
 13.2371080511606
 13.022704654725
 13.73121910802023
 13.52393629159201
 13.63015021529221
 13.2141039993441
 14.14879966238341
 14.53670460942063
 13.64137678068848
 13.24393194003934
 12.92432560873071
 14.47446669145145
 14.2266319271133
 14.09536336657135
 14.71082064109832
 13.60716457128893
 20.19988805562041
 19.64107031114832
 20.05945792893211
 20.66519746893573
 20.25605783287147
 20.29619941901928
