# Created by Octave 3.2.4, Sat Nov 03 23:31:00 2012 CDT <zac1164@zac1164-VirtualBox>
# name: data_curv_direct
# type: matrix
# rows: 500
# columns: 8
 0.06784810126582279 0.2749367088607595 0.07088607594936709 0.1113924050632911 0.0410126582278481 0.2658227848101266 0.07949367088607595 0.08860759493670886
 0.05685840707964602 0.3086283185840708 0.0584070796460177 0.08141592920353982 0.0334070796460177 0.3019911504424779 0.07477876106194691 0.08451327433628318
 0.06374111301789655 0.3164991419465555 0.05442510419220397 0.07992154939936259 0.03407697965187546 0.3103701887717578 0.06423142927188036 0.07673449374846776
 0.06864603074331438 0.3000631711939356 0.07348915561170773 0.08970309538850284 0.04127184670456938 0.2781638239629396 0.07454200884396715 0.07412086755106338
 0.06036054283978124 0.3001822969414624 0.06481669029775167 0.09844034838971034 0.03605428397812437 0.2898521369252582 0.0785902369860239 0.07170346364188779
 0.07522509439442347 0.2901539355213477 0.07551553877432472 0.08248620389195468 0.04269532384548359 0.270694162067964 0.08771420273017717 0.07551553877432472
 0.07021327582075246 0.2964294272705488 0.0709321830817158 0.1052000958543015 0.03570572729451234 0.2722262161514498 0.08027797747423916 0.06901509705248023
 0.06948798328108673 0.3006792058516197 0.06556948798328109 0.07654127481713689 0.03474399164054336 0.3025078369905956 0.07027168234064786 0.08019853709508883
 0.06830985915492958 0.2852112676056338 0.06549295774647887 0.08028169014084507 0.03626760563380282 0.2901408450704225 0.09014084507042254 0.08415492957746479
 0.07854523227383862 0.3016503667481663 0.07701711491442542 0.07396088019559902 0.04400977995110025 0.2888141809290953 0.07640586797066015 0.05959657701711491
 0.06987399770904926 0.3067964872088583 0.0628102329133257 0.08762886597938144 0.0418098510882016 0.2791141657121038 0.0672012218403971 0.08476517754868271
 0.06434145564580347 0.3199554069119286 0.06274884535754101 0.07596751075011944 0.03838190794712534 0.3029144768275203 0.06497849976110846 0.07071189679885333
 0.06589730724201372 0.3156046161565479 0.06021073758153538 0.08028098344204716 0.0388024753303228 0.2950326141495233 0.06439203880247533 0.07977922729553437
 0.07175636211931581 0.3024614100959533 0.07384230287859825 0.09240717563621194 0.03712974551522737 0.272215269086358 0.07196495619524405 0.07822277847309136
 0.0628883449444549 0.3189606477122952 0.06571267181321785 0.08642440218414611 0.03558651854641311 0.2916588213142534 0.06251176802861985 0.07625682545659951
 0.06121673003802281 0.3347908745247148 0.05855513307984791 0.06577946768060837 0.03022813688212928 0.3142585551330799 0.06007604562737642 0.07509505703422054
 0.0812366737739872 0.3191897654584221 0.06886993603411513 0.06695095948827293 0.03347547974413646 0.2884861407249467 0.0697228144989339 0.07206823027718551
 0.07199999999999999 0.308 0.06838095238095238 0.06685714285714285 0.04133333333333333 0.2984761904761905 0.07409523809523809 0.07085714285714285
 0.06738674834757376 0.3098500725455425 0.06674189908108979 0.08028373367725294 0.03288731259068193 0.2922779300338546 0.07641463807834918 0.07415766564565533
 0.08253484320557491 0.3094512195121951 0.06554878048780488 0.07534843205574913 0.03767421602787457 0.2837543554006969 0.06925087108013937 0.07643728222996515
 0.06992230854605994 0.2941176470588235 0.0660377358490566 0.09600443951165372 0.03773584905660377 0.2810765815760267 0.07963374028856826 0.07547169811320754
 0.06012861736334405 0.3057877813504823 0.06559485530546624 0.102572347266881 0.03215434083601286 0.2707395498392283 0.06623794212218649 0.09678456591639871
 0.07224242424242425 0.304 0.06303030303030303 0.09018181818181818 0.03806060606060606 0.2855757575757576 0.07006060606060606 0.07684848484848485
 0.07316449219749296 0.2972627270401637 0.07316449219749296 0.08416474801739575 0.04144282425172678 0.2637503197748785 0.07418777180864672 0.09286262471220261
 0.06117908787541713 0.3254727474972191 0.07052280311457175 0.08409343715239155 0.0335928809788654 0.2854282536151279 0.0760845383759733 0.06362625139043382
 0.07448979591836735 0.3043367346938776 0.07678571428571429 0.08698979591836735 0.03979591836734694 0.2798469387755102 0.075 0.06275510204081633
 0.06270996640537514 0.2924972004479283 0.08980963045912654 0.1063829787234043 0.02978723404255319 0.251063829787234 0.08667413213885779 0.08107502799552072
 0.07041139240506329 0.2850738396624473 0.0759493670886076 0.09599156118143459 0.03481012658227848 0.2697784810126582 0.08016877637130802 0.08781645569620253
 0.0671219512195122 0.2733658536585366 0.08136585365853659 0.09678048780487805 0.03804878048780488 0.2651707317073171 0.09209756097560975 0.08604878048780487
 0.06967300705278906 0.2831801667022868 0.08142765548194059 0.09510579183586236 0.03718743321222483 0.2686471468262449 0.08484718957042103 0.07993160931823039
 0.0567630680797557 0.1837614514100952 0.05191305909825759 0.2315430213759655 0.03610562241781929 0.1336446919346147 0.05281120890964613 0.2534578767738459
 0.05632267441860465 0.1707848837209302 0.0625 0.2445494186046512 0.02652616279069767 0.1453488372093023 0.05886627906976744 0.2351017441860465
 0.04881141045958796 0.1931854199683043 0.06481774960380349 0.2118858954041205 0.03169572107765452 0.1648177496038035 0.06735340729001585 0.21743264659271
 0.05081157374735357 0.2055986826629028 0.0621030345800988 0.21030345800988 0.02281816043283933 0.1689014349564808 0.05928016937191249 0.2201834862385321
 0.04600200736032118 0.2142857142857143 0.05921712947474072 0.1968885915021746 0.02977584476413516 0.18802275008364 0.06373369019739043 0.2020742723318836
 0.04796828543111992 0.1978196233894945 0.04935579781962339 0.2188305252725471 0.02933597621407334 0.175222993062438 0.05232903865213082 0.2291377601585728
 0.05718370264474625 0.1913867047891351 0.05325232308791994 0.2315939957112223 0.0368120085775554 0.1277698355968549 0.05432451751250893 0.2476769120800572
 0.05452240067624683 0.2043533389687236 0.07037193575655114 0.206043956043956 0.02852916314454776 0.1739222316145393 0.07058326289095519 0.1916737109044801
 0.04868289429809937 0.2080693564521507 0.06002000666888963 0.1965655218406135 0.02934311437145715 0.187729243081027 0.06318772924308103 0.2064021340446816
 0.05947955390334572 0.1982651796778191 0.0644361833952912 0.2116480793060719 0.03172242874845106 0.1625774473358116 0.06517967781908303 0.2066914498141264
 0.06791569086651054 0.3052302888368462 0.06869633099141297 0.09117876658860266 0.0351288056206089 0.2796252927400468 0.07213114754098361 0.08009367681498829
 0.07121705655907611 0.31448030796565 0.06233343204027243 0.07491856677524431 0.03849570624814924 0.2904945217648801 0.068551969203435 0.07950843944329286
 0.07083209066507605 0.3050999105278855 0.07485833581866985 0.08947211452430659 0.03310468237399344 0.2690128243364152 0.07694601849090367 0.08067402326274978
 0.06661828737300435 0.3403483309143687 0.06168359941944847 0.06313497822931785 0.03338171262699564 0.3039187227866473 0.07010159651669086 0.06081277213352685
 0.06649053280493175 0.3163070600322912 0.06458241596947013 0.08498458828709819 0.0365477763099956 0.2879788639365918 0.07089387934830471 0.0722148833113166
 0.07326178254783014 0.3051796546896873 0.07155078550318868 0.08275003888629646 0.04044174832788925 0.268159900451081 0.07326178254783014 0.08539430704619692
 0.07388798581350672 0.3234816018915324 0.06206590808334565 0.07137579429584749 0.03930840845278558 0.2877198167577952 0.06960248263632333 0.07255800206886361
 0.06580984825023227 0.3324558686899969 0.06054506039021369 0.06875193558377207 0.03607928151130381 0.3075255497057913 0.06952616909259833 0.05930628677609167
 0.07549076212471131 0.3340069284064665 0.06625288683602772 0.06379907621247113 0.04402424942263279 0.2973441108545035 0.06841801385681294 0.05066397228637413
 0.07607685156492099 0.3194917880384258 0.06647040594979857 0.07514719553765106 0.04369383328168577 0.2833901456461109 0.06941431670281996 0.06631546327858692
 0.08535992217898833 0.2901264591439689 0.05714980544747082 0.1057879377431907 0.03404669260700389 0.2699416342412451 0.0651750972762646 0.09241245136186771
 0.0902344909468685 0.3084001187295933 0.06530127634312853 0.09765509053131494 0.04392994953992282 0.2653606411398041 0.05817750074205996 0.07094093202730781
 0.07255331871636436 0.3185170420570062 0.06717161650388678 0.09128961530795296 0.03787123779150887 0.2746661351405222 0.05600956747059996 0.08192146701215866
 0.07904007045354469 0.269704975781594 0.06605019815059446 0.1182298546895641 0.03940995156318802 0.2518714222809335 0.0722148833113166 0.1034786437692646
 0.08161746464897048 0.2783428429670057 0.06598858843959315 0.1076655916645994 0.04142892582485735 0.2627139667576284 0.07169436864301662 0.09054825105432895
 0.07435369480668039 0.2903225806451613 0.0626858842370167 0.1278883550674903 0.03523221230839624 0.2493708533516358 0.05444978265843056 0.1056966369251887
 0.08512820512820513 0.2835897435897436 0.05333333333333334 0.1138461538461538 0.04153846153846154 0.2528205128205128 0.06 0.1097435897435897
 0.09136094674556212 0.2506508875739645 0.06840236686390533 0.1450887573964497 0.04142011834319527 0.2241420118343195 0.06698224852071005 0.1119526627218935
 0.08613074204946997 0.2773851590106007 0.06316254416961131 0.1236749116607774 0.04284452296819788 0.2402826855123675 0.05830388692579505 0.1082155477031802
 0.09184782608695652 0.2679347826086956 0.08260869565217391 0.1081521739130435 0.04646739130434783 0.241304347826087 0.06739130434782609 0.09429347826086956
 0.06980802792321117 0.3225130890052356 0.06910994764397906 0.07155322862129145 0.04136125654450262 0.3078534031413613 0.0668411867364747 0.05095986038394416
 0.06228784792939579 0.3053292600135777 0.06228784792939579 0.08112695179904957 0.03462321792260693 0.3109300746775289 0.07009504412763068 0.07331975560081466
 0.07306666666666667 0.2872 0.0832 0.0736 0.052 0.2749333333333333 0.08693333333333333 0.06906666666666667
 0.05626326963906582 0.2726468506723284 0.07254069355980183 0.1247346072186837 0.03007784854918613 0.2521231422505308 0.07837933474876151 0.1132342533616419
 0.07449261992619927 0.2661439114391144 0.07426199261992619 0.1155442804428044 0.0433579335793358 0.2486162361623616 0.07749077490774908 0.1000922509225092
 0.0722147132651091 0.3238076848812512 0.07009075111025294 0.06487738945742422 0.0409345433481367 0.3085537748600116 0.07105618845336938 0.04846495462444488
 0.06388470638847064 0.3286728328672833 0.06409980640998064 0.07291890729189072 0.02882340288234029 0.3097440309744031 0.06194880619488062 0.0699075069907507
 0.06144 0.31456 0.06623999999999999 0.09039999999999999 0.03472 0.28288 0.06288000000000001 0.08688
 0.06173131504257332 0.3027436140018921 0.06646168401135288 0.08207190160832545 0.03784295175023652 0.2973036896877956 0.07119205298013245 0.08065279091769158
 0.06817318647930118 0.3102924420812761 0.07159134067603494 0.07804785415875427 0.03627041397645272 0.2895936194454994 0.06912267375617166 0.07690846942650968
 0.06551814147742104 0.2866092404072044 0.07126076742364917 0.09292612894805534 0.03158444270425476 0.2701644479248238 0.08039676324719394 0.1015400678673975
 0.07123490263741682 0.3076164653684989 0.06384027606605866 0.08257333004683264 0.03648015775203352 0.2906088242543752 0.0660586640374661 0.08158737983731822
 0.07939614201845122 0.2784456248252726 0.06737489516354488 0.09141738887335757 0.04221414593234554 0.2675426334917529 0.07492311993290467 0.09868604976237071
 0.07930459633246011 0.3481781376518219 0.05382233865206001 0.05406049059299833 0.0421528935460824 0.3069778518694927 0.05715646582519648 0.05834722552988807
 0.07458563535911603 0.3143991712707183 0.06837016574585636 0.06111878453038674 0.04713397790055249 0.3062845303867403 0.07354972375690608 0.05455801104972376
 0.06822759315206445 0.2950654582074522 0.06067472306143001 0.09667673716012085 0.03575025176233636 0.2829808660624371 0.05966767371601209 0.100956696878147
 0.07014563106796116 0.2757281553398058 0.06699029126213592 0.09757281553398059 0.03567961165048544 0.2703883495145631 0.07135922330097087 0.1121359223300971
 0.07290233837689133 0.3312700596056855 0.05708390646492435 0.06441999082989454 0.04493351673544246 0.3152223750573132 0.06419073819348922 0.04997707473635947
 0.06985138004246284 0.2774946921443737 0.05774946921443737 0.09341825902335456 0.03885350318471337 0.2779193205944798 0.06454352441613588 0.1201698513800425
 0.05873821609862219 0.3108532753202804 0.05680444766739183 0.09668842156151801 0.02248005801305294 0.2951414068165337 0.06405607928450568 0.09523809523809523
 0.06942463147883975 0.2570137898240609 0.05159296243461722 0.1521635758440323 0.02472658107465526 0.2206371849738469 0.05896338563956253 0.1654778887303852
 0.06792277273784601 0.2619213770644336 0.05419865084903466 0.1453826471272389 0.03372877413351942 0.2223772970458246 0.05605954873226332 0.1584089323098395
 0.06956521739130435 0.2990777338603425 0.05454545454545454 0.1217391304347826 0.02898550724637681 0.2508563899868247 0.05375494071146245 0.1214756258234519
 0.059915164369035 0.243372216330859 0.05779427359490986 0.1709968186638388 0.02226935312831389 0.2097030752916225 0.05805938494167551 0.1778897136797455
 0.06180105944673337 0.2307239552678046 0.06003531489111242 0.1865803413772807 0.01824602707474985 0.190700412007063 0.05208946439081813 0.1998234255444379
 0.06289136945276341 0.1922134494963245 0.04791723386877212 0.2306016879934658 0.02967601415736455 0.1549142390416553 0.04573917778382793 0.2360468282058263
 0.06619060697610546 0.2202691568250481 0.06591595715462785 0.1804449327107937 0.0274649821477616 0.1807195825322714 0.06234550947541884 0.1966492721779731
 0.06475 0.23475 0.0625 0.17775 0.0225 0.19375 0.06425 0.17975
 0.07876175548589341 0.275666144200627 0.05858150470219436 0.129898119122257 0.04153605015673981 0.2307993730407523 0.0603448275862069 0.1244122257053292
 0.06488391376451078 0.236318407960199 0.05348258706467662 0.183665008291874 0.0269485903814262 0.1828358208955224 0.05120232172470979 0.2006633499170813
 0.07774538386783285 0.2686103012633625 0.0565597667638484 0.1319727891156462 0.03926141885325559 0.2322643343051506 0.05461613216715257 0.1389698736637512
 0.07145415472779369 0.2673710601719197 0.05641117478510028 0.1212392550143266 0.03742836676217765 0.2487464183381089 0.05981375358166189 0.1375358166189112
 0.06861340021497671 0.2472232174847725 0.0587603009673952 0.1589036187746327 0.03565030455034038 0.2104980293801505 0.05446076675026872 0.1658903618774633
 0.07389277389277389 0.2599067599067599 0.06666666666666667 0.1221445221445221 0.04452214452214452 0.2282051282051282 0.06317016317016318 0.1414918414918415
 0.07266949152542374 0.2538135593220339 0.06716101694915254 0.1411016949152542 0.03961864406779661 0.2129237288135593 0.06440677966101695 0.1483050847457627
 0.06337294142172191 0.2674588284344382 0.05482593287471337 0.133833646028768 0.03585574317281635 0.2318115488847196 0.05503439649781113 0.1578069626850115
 0.06742756804214223 0.2911325724319578 0.04600526777875329 0.1104477611940299 0.03880597014925373 0.2582967515364354 0.0514486391571554 0.1364354697102722
 0.07079279652245912 0.3264334506313393 0.04967915545435728 0.07472572966259573 0.0358103912233492 0.2974539432829642 0.04988615193541709 0.09521838128751811
 0.06414505751608501 0.3187755897835836 0.0469877169038799 0.09631507116396959 0.03567946968219926 0.2799766036264379 0.04854747514135309 0.1095730161824917
 0.07710738401219777 0.2827270747113919 0.05140492267479852 0.1309082988455674 0.03005881071661947 0.2335003267262034 0.05336527989544761 0.1409279024177739
 0.06550500161342368 0.1952242658922233 0.1006776379477251 0.1461761858664085 0.03097773475314618 0.1958696353662472 0.1019683768957728 0.1636011616650532
 0.07252358490566038 0.1966391509433962 0.09227594339622641 0.1538915094339623 0.03714622641509434 0.1948702830188679 0.1049528301886792 0.1477004716981132
 0.09577754891864057 0.1977342945417096 0.07861311362856162 0.1390319258496396 0.04703055269481634 0.1922416752488843 0.09337452797802952 0.1561963611397185
 0.07322929171668667 0.203781512605042 0.09513805522208883 0.1515606242496999 0.02460984393757503 0.1977791116446579 0.1038415366146459 0.1500600240096038
 0.09410112359550561 0.2075140449438202 0.09866573033707865 0.127808988764045 0.03476123595505618 0.2022471910112359 0.1060393258426966 0.1288623595505618
 0.08842617631151974 0.2038939967550027 0.08464034613304489 0.1325040562466198 0.03948080043266631 0.2038939967550027 0.09167117360735533 0.1554894537587885
 0.0759493670886076 0.189873417721519 0.1022651565622918 0.1485676215856096 0.03297801465689541 0.1908727514990007 0.1105929380413058 0.1489007328447702
 0.08767841538013399 0.1948732886688028 0.1045732595397611 0.1302068161957472 0.03058549373725604 0.1849694145062628 0.1080687445383047 0.1590445674337314
 0.08119383825417202 0.2188703465982028 0.08536585365853659 0.1408857509627728 0.04300385109114249 0.2002567394094994 0.09691912708600771 0.1335044929396662
 0.08923643054277829 0.197178779515486 0.08984973934375959 0.1422876418276602 0.04507819687212512 0.1919656547071451 0.1036491873658387 0.140754369825207
 0.08301526717557252 0.3136927480916031 0.08444656488549618 0.03936068702290076 0.0512881679389313 0.3015267175572519 0.08277671755725191 0.04389312977099236
 0.09947826086956522 0.3161739130434782 0.07095652173913043 0.04730434782608696 0.05217391304347826 0.2935652173913044 0.07304347826086957 0.04730434782608696
 0.08747721947409529 0.3051288726894038 0.08070814891955221 0.0492059359541786 0.05128872689403801 0.2949752668575892 0.08357198646185889 0.04764384274928404
 0.08185172760818517 0.3102985575310299 0.08319355920831936 0.06239516940623951 0.04025494800402549 0.2754109359275411 0.08352901710835291 0.0630660852063066
 0.08141321044546851 0.3241167434715822 0.07834101382488479 0.05337941628264209 0.03456221198156682 0.3003072196620584 0.08141321044546851 0.04646697388632873
 0.1071428571428571 0.3452380952380952 0.07783882783882784 0.0402930402930403 0.03434065934065934 0.2912087912087912 0.07142857142857142 0.03250915750915751
 0.07589682774977764 0.3065520308330863 0.0735250518825971 0.05899792469611622 0.04506374147643048 0.3035873109991106 0.07975096353394605 0.05662614882893566
 0.09496567505720824 0.3142639206712433 0.07971014492753623 0.04424103737604882 0.05263157894736842 0.3089244851258581 0.07513348588863462 0.03012967200610221
 0.1005199306759099 0.3223570190641248 0.07885615251299827 0.03769497400346621 0.0402946273830156 0.3032928942807626 0.08015597920277297 0.03682842287694974
 0.09602104570864847 0.3232489312726077 0.08451167379151595 0.04965471884248603 0.04176257809930944 0.278526800394607 0.08188096021045708 0.0443932916803683
 0.05690814040328603 0.3504107542942494 0.04421209858103062 0.08125466766243465 0.03166542195668409 0.3135175504107543 0.04286781179985064 0.07916355489171023
 0.05200945626477541 0.3472396050618829 0.05034070365734947 0.0624391600611876 0.02795160617438465 0.3345848977889028 0.05492977332777083 0.07050479766374634
 0.05928444707273803 0.3492016558249557 0.05366646954464814 0.06475458308693081 0.02986398580721467 0.323772915434654 0.05529272619751626 0.0641632170313424
 0.05072556825478362 0.3667651213561063 0.05226659817644792 0.05342237061769616 0.02940798767176063 0.3473738281751637 0.04969821497367407 0.05034031077436753
 0.05085200590366296 0.3787736481953576 0.0507178317456058 0.04052059573326178 0.02911579229840333 0.3637461424929558 0.04924191600697705 0.03703206762377566
 0.04891142260662094 0.3581866984789741 0.04831494184312556 0.07127945123769758 0.02654339397554429 0.3317924246943036 0.04801670146137787 0.0669549657023561
 0.05129488302264482 0.3770799449518328 0.04666583260352809 0.05079444513949706 0.02727386463155261 0.3518078318528713 0.04679094207431503 0.04829225572375829
 0.05287319930346684 0.3802437866075669 0.0490739274972297 0.04384992876365363 0.03118568940952984 0.3550736108912458 0.04812410954567041 0.03957574798163685
 0.05469882694081982 0.3782786345063925 0.05021747726374061 0.04138658231184922 0.03361012257809411 0.3534994068801898 0.04850402003426914 0.03980492948464479
 0.05261295269552908 0.377727969800637 0.05497227792851245 0.03385631709331131 0.02960953167394125 0.3607408281231568 0.05308481774212575 0.03739530494278636
 0.04996600951733515 0.3240992522093813 0.05336505778382053 0.08225696804894629 0.0336505778382053 0.3271583956492182 0.05965329707681849 0.06985044187627465
 0.05930285196921684 0.3358985966500679 0.05862381167949298 0.06066093254866455 0.03983703033046627 0.32571299230421 0.06360344047080127 0.05636034404708012
 0.05633802816901409 0.3510748702742773 0.05233506300963676 0.06434395848776872 0.02935507783543365 0.3361008154188287 0.05604151223128243 0.05441067457375834
 0.06033519553072626 0.3466480446927374 0.05363128491620112 0.05837988826815643 0.03463687150837989 0.338268156424581 0.06089385474860335 0.04720670391061452
 0.06318471337579618 0.3793630573248408 0.04764331210191083 0.04713375796178344 0.03515923566878981 0.3368152866242038 0.05095541401273886 0.03974522292993631
 0.06680476437079233 0.3373036423269463 0.05334023821853962 0.05489383738995339 0.03780424650440187 0.3390298636285172 0.05955463490419472 0.05126877265665458
 0.06166529266281946 0.3302555647155812 0.06479802143446002 0.05292662819455894 0.04237427864798021 0.3239901071723001 0.06628194558944765 0.05770816158285243
 0.05895601483836778 0.3533386327503975 0.04954954954954955 0.05498145204027557 0.03630100688924218 0.3430047694753577 0.05034446210916799 0.05352411234764176
 0.06525911708253358 0.35543535159658 0.04972954109230501 0.0478101552957599 0.04379689408480195 0.3426976094922352 0.05374280230326296 0.04152852905252138
 0.06188340807174888 0.3616143497757848 0.05237668161434977 0.05345291479820628 0.03910313901345291 0.3321973094170403 0.05775784753363229 0.04161434977578475
 0.05902249281244715 0.3039066463723998 0.05817689835954676 0.1136478944698123 0.02841197361745307 0.2602739726027397 0.06122103838998816 0.115339083375613
 0.06761339550657058 0.2691818567189487 0.05616786774056804 0.1318355235269182 0.03264094955489615 0.2467147096227215 0.06040695209834675 0.1354387452310301
 0.0578956802294318 0.2803369779530382 0.06237677003047141 0.1252912708370676 0.02670729521419609 0.2564975802115074 0.06345223158272091 0.1274421939415666
 0.05861182519280206 0.3077977720651243 0.05792630676949443 0.1112253641816624 0.02776349614395887 0.2658097686375321 0.06135389888603256 0.1095115681233933
 0.05972323379461034 0.2991624180626365 0.06664238892935179 0.09322651128914786 0.03641660597232338 0.2825928623452294 0.07010196649672251 0.09213401310997815
 0.06578688201693914 0.2976167027772306 0.05928698050029545 0.1181800275753398 0.0309237738822139 0.2592081938152452 0.05948394721292102 0.1095134922198149
 0.06475063398140321 0.3053254437869822 0.06306001690617075 0.1103972950126796 0.02738799661876585 0.2674556213017751 0.06306001690617075 0.0985629754860524
 0.06785519374204112 0.284882663270875 0.06148808440967801 0.1071493541931963 0.03711115153720211 0.2614153174458796 0.06549026741859196 0.1146079679825359
 0.06595233696656198 0.3192314797709219 0.06077960465545908 0.09310918159985221 0.03085165342693516 0.2832070940328838 0.0624422686125993 0.08442638093478662
 0.07381413359148112 0.2962245885769603 0.0617134559535334 0.1035818005808325 0.03412391093901258 0.2623426911907067 0.06292352371732816 0.1052758954501452
 0.06291118421052631 0.1990131578947368 0.06928453947368421 0.1722861842105263 0.03474506578947369 0.2039473684210526 0.07401315789473684 0.1837993421052632
 0.04963015986638034 0.2658076831305178 0.06394655213552851 0.1522309711286089 0.03674540682414698 0.2261989978525412 0.08208064900978287 0.1233595800524934
 0.05842607313195548 0.1911764705882353 0.06657392686804452 0.1866057233704292 0.02921303656597774 0.1822337042925278 0.07531796502384738 0.2104531001589825
 0.05331146196432233 0.2577404141890506 0.06294853393479598 0.1431207709657576 0.0319868771785934 0.2403116670084068 0.07238056182079147 0.1381997129382817
 0.0683629675045984 0.1701410177805028 0.0683629675045984 0.1974248927038627 0.03034947884733293 0.167381974248927 0.08369098712446352 0.2142857142857143
 0.06040268456375839 0.1919463087248322 0.05530201342281879 0.2002684563758389 0.03302013422818792 0.1785234899328859 0.07248322147651007 0.2080536912751678
 0.06323996534796419 0.2145538550389836 0.06208489748772741 0.1758590817210511 0.03782847242275484 0.1992492058908461 0.07536817788045047 0.1718163442102223
 0.0644880174291939 0.2474945533769063 0.06230936819172114 0.1468409586056645 0.02788671023965142 0.2418300653594771 0.06710239651416122 0.1420479302832244
 0.05929667040778152 0.2686120463898242 0.05836139169472503 0.1270108492330715 0.03591470258136925 0.2579498690609802 0.07781518892630004 0.1150392817059484
 0.06328125 0.2203125 0.06588541666666667 0.1697916666666667 0.03567708333333333 0.2109375 0.07656250000000001 0.1575520833333333
 0.0696774193548387 0.3460645161290323 0.06322580645161291 0.0327741935483871 0.04103225806451613 0.3349677419354839 0.06709677419354838 0.04516129032258064
 0.07439577039274925 0.3432779456193353 0.0634441087613293 0.03398791540785499 0.04852719033232628 0.3306268882175227 0.07496223564954682 0.03077794561933535
 0.06212331942512749 0.3643949930458971 0.05516921650440427 0.03314789058878071 0.04265183124710246 0.3611497450162263 0.06096430227167362 0.02039870190078813
 0.06237957610789981 0.3973988439306358 0.04359344894026975 0.01878612716763006 0.03564547206165703 0.3759633911368016 0.04816955684007707 0.0180635838150289
 0.06538734896943853 0.3835583984837716 0.05330490405117271 0.02155887230514096 0.03601042407012556 0.3648424543946932 0.05543710021321962 0.01990049751243781
 0.06963292547274749 0.3546162402669633 0.06073414905450501 0.03136818687430478 0.04048943270300333 0.3370411568409344 0.07030033370411569 0.03581757508342603
 0.06346153846153846 0.3447115384615385 0.06009615384615385 0.02836538461538462 0.0375 0.3649038461538461 0.07235576923076924 0.02860576923076923
 0.0619819140919367 0.3912961567445365 0.04163526752072343 0.01827430293896006 0.03993971363978899 0.3703843255463452 0.05727204220045215 0.01921627731725697
 0.06017666543982333 0.3770702981229297 0.04913507545086492 0.01950680898049319 0.03717335296282664 0.3634523371365477 0.05944055944055944 0.0340449024659551
 0.05518925518925519 0.3931623931623932 0.0402930402930403 0.02637362637362637 0.03223443223443224 0.3692307692307693 0.05396825396825397 0.02954822954822955
 0.0475394171046345 0.2049689440993789 0.05709507883420927 0.2075967510750119 0.01720019111323459 0.1817964644051601 0.06163401815575729 0.2221691352126135
 0.05643496214728148 0.1821518696948841 0.07455838495067676 0.1858224363386098 0.02477632484514797 0.183987153016747 0.07822895159440238 0.2140399174122505
 0.04876814039824502 0.1935538305771178 0.0600742490718866 0.1898413769827877 0.028518393520081 0.2094161322983463 0.07019912251096862 0.199628754640567
 0.05164319248826291 0.2367105860972285 0.06133575647432985 0.1718915644404059 0.02135393003180373 0.2256550053006209 0.06572769953051644 0.1656822656368317
 0.05333556261494733 0.2959371342584852 0.06437050660424679 0.1172044808560441 0.02658418324694867 0.2785487376692861 0.06186256478849691 0.1021568299615449
 0.05302491103202847 0.2274021352313167 0.05658362989323843 0.1832740213523132 0.02846975088967971 0.198932384341637 0.0601423487544484 0.1921708185053381
 0.06187548039969255 0.2058032282859339 0.06341275941583398 0.1754419677171407 0.02920830130668716 0.2061875480399692 0.0649500384319754 0.1931206764027671
 0.06414879483773012 0.2228126779275005 0.06225090149933574 0.1537293604099449 0.03321313342190169 0.224330992598216 0.06661605617764281 0.1728980831277282
 0.05688840421664849 0.2317339149400218 0.05216284987277354 0.1712104689203926 0.02435478007997092 0.2231915667030171 0.05525263540530716 0.1852053798618684
 0.04796202324439352 0.2270420690784089 0.06187592077263054 0.1677852348993289 0.02782779505647405 0.2267146832542151 0.06351284989359961 0.1772794238009494
 0.078536847767617 0.1993006993006993 0.05970952124798279 0.1888111888111888 0.04088219472834857 0.1651425497579344 0.05836471221086606 0.2092522861753631
 0.07755102040816327 0.1636363636363636 0.06716141001855287 0.2007421150278293 0.03784786641929499 0.1562152133580705 0.07680890538033396 0.2200371057513915
 0.08532778355879292 0.1706555671175858 0.06659729448491156 0.1945889698231009 0.0419701699618453 0.1411723898716615 0.06902532084634062 0.2306625043357614
 0.07456140350877193 0.1565096952908587 0.06024930747922438 0.2158356417359187 0.03554939981532779 0.1537396121883657 0.07502308402585411 0.2285318559556787
 0.06288398988073726 0.1601011926273943 0.06794362125045175 0.2175641488977232 0.02927358149620528 0.1438380917961691 0.07770148174918684 0.2406938923021323
 0.06173218673218673 0.1630835380835381 0.06203931203931204 0.2331081081081081 0.02794840294840295 0.1523341523341523 0.06296068796068796 0.2367936117936118
 0.06949524506217995 0.1799561082662765 0.06730065837600585 0.2154352596927579 0.0296269202633504 0.1561814191660571 0.07351865398683248 0.2084857351865399
 0.06892922915022362 0.1946856090502499 0.04656669297553275 0.2044198895027624 0.03499079189686925 0.1731123388581952 0.06235201262825572 0.2149434359379111
 0.08028720626631854 0.1429503916449086 0.05058746736292428 0.2529373368146214 0.03590078328981723 0.1135770234986945 0.04634464751958225 0.2774151436031332
 0.06805987009319402 0.1640779440835922 0.06467099689353289 0.2247952555775205 0.02400451849759955 0.1426150804857385 0.06693024569330698 0.2448460886755154
 0.04199170124481328 0.2366804979253112 0.09161825726141079 0.1402489626556017 0.02390041493775934 0.2267219917012448 0.09493775933609959 0.1439004149377593
 0.05942102590147283 0.239461655662773 0.08887760284408329 0.1193499238191976 0.02412392077196546 0.2295581513458609 0.09421025901472829 0.1449974606399188
 0.04482918534549389 0.2459421858092441 0.0842479517699799 0.1326325552635647 0.02566084402535168 0.2320296800123667 0.08996753748647396 0.1446900602875251
 0.05550220856539274 0.242173996543115 0.07816400998655657 0.1288649894372959 0.02746303053581717 0.2404455540618398 0.08162089494910697 0.1457653159208757
 0.04741019214703425 0.2700501253132832 0.08145363408521303 0.1015037593984962 0.02694235588972431 0.277360066833751 0.08751044277360066 0.1077694235588972
 0.05348428655084912 0.2641030646105798 0.0851063829787234 0.1083349599843842 0.0259613507710326 0.2644934608627757 0.09115752488776108 0.1073589693538942
 0.05092424791591156 0.2519028633562885 0.08753171438927147 0.1292134831460674 0.02392171076476984 0.2504530627038782 0.08843783979702791 0.1176150779267851
 0.0641025641025641 0.2357404500261643 0.09366823652537938 0.1329147043432758 0.02616431187859759 0.228152799581371 0.09026687598116169 0.1289900575614861
 0.05801225919439579 0.2467162872154116 0.09719789842381786 0.1057355516637478 0.02780210157618214 0.2565674255691769 0.09938704028021016 0.1085814360770578
 0.05993076590220683 0.2765036780614453 0.07810471657291215 0.1163998269147555 0.02163565556036348 0.2442665512765037 0.08221549112938122 0.1209433145824318
 0.07210084033613445 0.2739495798319328 0.06554621848739496 0.1121008403361344 0.03848739495798319 0.2411764705882353 0.06369747899159664 0.1329411764705882
 0.08418167580266249 0.2554815974941269 0.07380579483163664 0.1176585747846515 0.0379796397807361 0.2047768206734534 0.06949882537196554 0.1566170712607674
 0.08493723849372385 0.2579497907949791 0.07698744769874477 0.1096234309623431 0.04435146443514645 0.2115062761506276 0.07761506276150627 0.1370292887029289
 0.08022462896109106 0.2380665864420377 0.06678700361010831 0.139189731247493 0.03870838347372643 0.1993582029683113 0.0762133975130365 0.1614520657841957
 0.08474915050969418 0.2634419348390966 0.06735958424945034 0.1147311613032181 0.04217469518289026 0.2174695182890266 0.07375574655206876 0.1363182090745553
 0.07345025177982288 0.2674075360305609 0.06511547143601319 0.1161660010418475 0.04341031429067546 0.2430977600277826 0.06129536377843375 0.1300573016148637
 0.06858531115679312 0.2784526256774434 0.06223135862455616 0.09904690712016445 0.03868435806391329 0.2732199588861895 0.06709026350214913 0.1126892169687909
 0.07381311860426103 0.2591847005535984 0.0754906894816306 0.1217916456970307 0.03539674551249791 0.2083543029693005 0.07532293239389364 0.1506458647877873
 0.08514808362369337 0.263719512195122 0.06010452961672474 0.1212979094076655 0.04551393728222997 0.2179878048780488 0.05966898954703833 0.1465592334494774
 0.07104757840836357 0.2193300618732665 0.07595476850864093 0.1587369319394069 0.03584382334115639 0.1851930872626414 0.07296778323021122 0.1809259654363132
 0.06628069474945099 0.1694949091635057 0.0471151926532242 0.2477540427230984 0.02615292473547614 0.1497304851267718 0.05210620882411659 0.2413655420243562
 0.0675787728026534 0.1266583747927031 0.05451907131011609 0.2798507462686567 0.03959369817578773 0.1040630182421227 0.05099502487562189 0.2767412935323383
 0.07365126127784938 0.1502485730068127 0.06794328852881605 0.2467317252807954 0.03240655496225373 0.1156324802062235 0.06536549438409132 0.2480206223531578
 0.06986100950987564 0.1486832479882955 0.06620336503291881 0.2362838332114119 0.03584491587417703 0.1276517922457937 0.06656912948061448 0.2489027066569129
 0.06407900780891135 0.1768488745980707 0.05397335783187873 0.223242994947175 0.03054662379421222 0.1573265962333486 0.05672944418925126 0.237253100597152
 0.06643685365089314 0.1805076778439361 0.04810404261986838 0.2248511438420558 0.03556878721403949 0.1703227828267001 0.05170792854904419 0.2225007834534629
 0.05657805044308112 0.1638264030902068 0.06134969325153374 0.2485798682117701 0.02522154055896387 0.137468757100659 0.05748693478754829 0.2494887525562372
 0.07999247129681912 0.1116130246565029 0.06098249576510446 0.2755505364201016 0.03162055335968379 0.09053265575004706 0.05533596837944664 0.2943722943722944
 0.08022504688476766 0.1496145030214628 0.05730360491769119 0.2344238382996457 0.03834132110856429 0.1352365076057512 0.06418003750781413 0.240675140654303
 0.07995558023320377 0.1151212289468814 0.05052748473070516 0.2694799185637609 0.03535073107532852 0.1079030168424949 0.05145289653895984 0.2902091430686656
 0.04888813444236972 0.2113393311831608 0.06908843999320999 0.1838397555593278 0.02240706161941945 0.1936852826345273 0.08029197080291971 0.1904600237650654
 0.06091846298031865 0.1878163074039363 0.07029053420805999 0.1878163074039363 0.02586691658856607 0.1760074976569822 0.07947516401124649 0.2118088097469541
 0.05562815008400224 0.2070188538361023 0.07261526974052641 0.1749113309688258 0.0248273287287661 0.1939518387156991 0.0744819861862983 0.1965652417397797
 0.05513040762142746 0.2270810557551148 0.07074808683429643 0.1586756208027487 0.03076682804935187 0.2147430891769483 0.0830860534124629 0.1597688583476495
 0.04975461160940937 0.1963107124724996 0.07293958368590286 0.1893721441868337 0.01844643763750212 0.1866644102216957 0.07987815197156879 0.2066339482145879
 0.06283836040216551 0.2001160092807425 0.07018561484918794 0.1769141531322506 0.02880897138437742 0.1838747099767981 0.08139984532095901 0.195862335653519
 0.06672678088367899 0.2215960324616772 0.06131650135256989 0.1731289449954914 0.0263751127141569 0.1988277727682597 0.07777276825969341 0.1742560865644725
 0.06061129338628907 0.2061820065619064 0.07874287687791401 0.1618027974443101 0.02642030737351062 0.1958211017095493 0.08254187532377828 0.1878777413227422
 0.06764995083579155 0.2092428711897738 0.06922320550639134 0.1703048180924287 0.02674532940019666 0.1878072763028515 0.07925270403146509 0.1897738446411013
 0.05807341030501464 0.2119593313803205 0.07375495433396519 0.16905049112528 0.03084611407892469 0.1959331380320524 0.08530070653110459 0.1750818542133379
 0.07316350710900474 0.2265995260663507 0.06575829383886256 0.1406990521327014 0.03732227488151658 0.2132701421800948 0.08175355450236967 0.1614336492890995
 0.04690603514132926 0.2377387318563789 0.04094728800611153 0.1874713521772345 0.02627960275019098 0.212070282658518 0.03957219251336899 0.2090145148968678
 0.05634535367545077 0.2526005547850208 0.05738557558945909 0.1484049930651872 0.03016643550624133 0.2397711511789182 0.06553398058252427 0.1497919556171983
 0.05551232166018158 0.2622568093385214 0.05758754863813229 0.1434500648508431 0.02697795071335927 0.2399481193255512 0.06744487678339818 0.146822308690013
 0.0499457111834962 0.1946254071661238 0.05971769815418024 0.1845819761129207 0.02062975027144408 0.2081976112920738 0.07654723127035831 0.2057546145494028
 0.05380298045287401 0.1823108186568609 0.0547706599574221 0.2272111476678924 0.02496613121734082 0.1650861234759048 0.05554480356106058 0.2363073350106445
 0.05548795327330251 0.1910440496471161 0.05621805792163544 0.1961547821854466 0.03212460452664882 0.1966415186176685 0.06497931370163057 0.2073497201265515
 0.05774188004811823 0.2390445093658704 0.06014779171678983 0.1508850317924042 0.03282350919401959 0.2277023543564186 0.06650627255542189 0.1651486509709572
 0.05233644859813084 0.205981308411215 0.05738317757009346 0.1779439252336449 0.0297196261682243 0.2106542056074766 0.06411214953271029 0.2018691588785047
 0.04730229120473023 0.2291204730229121 0.05296871150529687 0.1692535107169253 0.02389751170238975 0.216309435821631 0.06183789110618379 0.199310174919931
 0.07095610342754059 0.1475245540188415 0.06554419723391461 0.2118661054319503 0.03868510723591902 0.1461214672279014 0.06634596111445179 0.2529565043094809
 0.07725199543899658 0.1630558722919042 0.06898517673888255 0.2163625997719498 0.02679589509692132 0.1522234891676169 0.06898517673888255 0.2263397947548461
 0.07478448275862069 0.1663793103448276 0.07521551724137931 0.2127155172413793 0.03125 0.1456896551724138 0.06875000000000001 0.2252155172413793
 0.07416945660571723 0.1668812773628638 0.07597218645377285 0.206283801184651 0.03991758949266031 0.1509142415657996 0.0695338655678599 0.2163275817666752
 0.07898172323759792 0.1503481288076588 0.06614447345517842 0.2238903394255875 0.03198433420365535 0.1436031331592689 0.0654917319408181 0.239556135770235
 0.08596713021491782 0.1583438685208597 0.07300884955752213 0.188685208596713 0.05025284450063211 0.1526548672566372 0.0752212389380531 0.215865992414665
 0.07424006235385815 0.1660171473109899 0.06780982073265783 0.2123928293063133 0.03897116134060795 0.1535463756819953 0.06391270459859703 0.2231098986749805
 0.08144796380090498 0.1891402714932127 0.07171945701357466 0.1631221719457014 0.03506787330316742 0.198868778280543 0.07239819004524888 0.1882352941176471
 0.0682720953326713 0.1926514399205561 0.06256206554121152 0.2028301886792453 0.03003972194637537 0.1740317775571003 0.0605759682224429 0.2090367428003972
 0.07470725995316159 0.1526932084309134 0.07915690866510539 0.2044496487119438 0.04121779859484778 0.156440281030445 0.06814988290398126 0.2231850117096019
 0.05776299667425171 0.2674601785401715 0.06546472956415193 0.1239278837738491 0.03150708909504638 0.2440049011027481 0.07229126553474531 0.1375809557150359
 0.05429141716566866 0.2798403193612775 0.06786427145708583 0.1149700598802395 0.03592814371257485 0.2652694610778443 0.07584830339321358 0.1059880239520958
 0.06597510373443984 0.2778008298755187 0.06535269709543569 0.1236514522821577 0.03195020746887967 0.2477178423236515 0.06307053941908713 0.1244813278008299
 0.06697459584295612 0.2340261739799846 0.07313317936874519 0.1352322299204516 0.03181934821657685 0.2283808057480113 0.07364639466256094 0.1567872722607134
 0.05603100274503472 0.2452769255611174 0.07718391732601323 0.1409656063297271 0.03342483449055385 0.2246084288713063 0.07750686258679154 0.1450024220894558
