# Created by Octave 3.2.4, Sat Nov 03 23:32:45 2012 CDT <zac1164@zac1164-VirtualBox>
# name: data_entropy
# type: matrix
# rows: 500
# columns: 1
 3.075955779224513
 3.361799579683464
 3.22486819893262
 2.866326388020082
 3.200409023434081
 3.120018530460074
 2.806484964026544
 3.342280330978119
 2.859832598458775
 3.168556397082044
 2.218923029644993
 3.400693156851379
 2.85908849774406
 3.385695416344556
 3.298714617290845
 3.363541313489983
 2.58993674712092
 2.852579238813484
 3.248610793278397
 3.408951684960469
 2.477835804852491
 2.98943442322425
 2.657573776213745
 2.682806472159887
 3.20584982132794
 2.85258702022934
 2.697485596885388
 2.698735941094452
 2.581073624770561
 3.122934537578167
 1.468726269914309
 1.306817987086122
 1.440026770878952
 1.613732428447089
 1.916328165969924
 1.065617999276805
 1.241018462496892
 1.558565463795935
 1.466466567127935
 1.795732757126275
 1.519802280535348
 1.7027556674084
 1.605028822632102
 1.539065027393564
 1.498298516712472
 2.105511327784108
 1.627300572733772
 1.623520352752481
 1.624101425778781
 1.988887098268037
 1.312932567886197
 1.020955785395195
 1.145054750196975
 1.057297299921493
 1.231081517316972
 0.9445632173784646
 1.239414592714148
 1.0440079765791
 1.173805637932772
 1.352921325572344
 1.430812838100797
 1.364513453332034
 1.248147074081355
 1.532851734698777
 1.585878100647271
 1.292792221550387
 1.140112951695112
 1.266852872603831
 1.109167396288103
 1.073511296479667
 1.002471067414248
 0.9213637622004225
 0.7760025852044374
 1.023161960889201
 1.051814226294393
 0.953460625680904
 0.9401668052992858
 0.8406549069209288
 0.7900378998804334
 1.015037738401017
 1.497519219936565
 1.301488015783816
 1.207775412532547
 1.205310231346787
 1.492557582922752
 1.181094724835893
 1.113617931734639
 1.084304418034526
 1.339378497948728
 1.588051993007964
 1.178639000665596
 1.229768279805576
 1.180063175127832
 1.314409611011073
 1.38098257623089
 1.333219866363549
 1.111799306206837
 1.148682705670182
 1.13429553386712
 1.160287630383648
 2.647308485392731
 2.497213747875958
 1.980279171799311
 2.139591406684083
 2.374841939865783
 2.725707955905204
 2.88438099128612
 2.91090631526549
 2.541382041821127
 2.542761737105795
 2.355669099604914
 2.309162859226314
 2.180280217146479
 2.137328439223908
 2.543358151091266
 2.157606656910422
 2.447754436360156
 2.63306150723904
 2.256343561139989
 1.996737683461484
 2.599425084206492
 2.542674507281132
 2.88299686591826
 2.710208601266716
 2.271379098265464
 1.360965586448725
 1.812315912765451
 1.597868409482813
 1.687220107135327
 1.91340134240017
 1.817844898443664
 1.751142082312978
 1.707983773527596
 1.510044047082242
 2.466501504450839
 1.804196937662067
 1.803299097776041
 1.752468666606617
 1.582999882380122
 2.230117740563994
 2.417795966060486
 2.156892077428771
 2.477367026458424
 2.345406976541357
 3.145577045156235
 2.971325913835708
 2.732810311770758
 3.1394803235767
 2.993943831019652
 2.738067583518813
 1.854736151318465
 2.273491326005883
 2.113100162496112
 1.93640705575345
 2.475491032099572
 1.789573575002545
 2.091771008229278
 1.605686639728639
 1.757942458920935
 2.429097671958814
 1.993791048897965
 1.364962918406782
 1.52336361728356
 1.654244139433699
 2.745084177640064
 1.837060027608062
 1.467047015849923
 1.791013373835218
 1.637581792387113
 2.341728458802739
 1.605310509291557
 1.393304872316686
 1.643623333291583
 1.698295840383782
 1.801222671219701
 1.450887059935383
 1.531380237195411
 1.249588949472627
 1.451477733003673
 1.918670471405288
 1.409863096194932
 1.47424180963478
 1.505450299296595
 1.616318389712089
 1.573125633792258
 1.320155931219293
 1.270567010324551
 1.467870357224755
 1.632322427274933
 1.40083965039624
 1.4918083244633
 1.372408131039635
 1.45707160611463
 1.355883662723268
 1.525764624689339
 1.572392724762443
 1.475190038958057
 1.380418841507697
 1.404813431220777
 1.585794135655834
 1.703186365148204
 1.39406285225423
 1.358456614306644
 1.344451184055452
 1.256504068334168
 1.385547386468055
 1.386025525744492
 1.34404806170336
 1.571043889247439
 1.466636642137371
 0.9341529281251832
 0.8378208749052182
 0.8211071495582952
 0.6904220361670342
 0.8370368229825631
 0.8374017908369558
 0.7111971017912949
 0.8289219391185768
 0.9225730052089065
 1.052444467928353
 1.718701331321041
 1.639836484170196
 1.830610657116115
 1.186652154910913
 2.086250825567467
 1.625318634173888
 1.684784497519379
 1.643672624259903
 1.764990498653133
 1.864637408045325
 1.075301245516075
 1.512101711797248
 1.187178613081795
 1.229637809173112
 1.540661353281745
 1.186645927696108
 1.299851589201472
 1.071737907971203
 1.429171723307183
 1.361052096810689
 1.252986952790139
 1.119577495960859
 1.417627596168406
 1.236210098757987
 1.252866969777945
 1.212235693930021
 1.083818104893338
 1.063526629300168
 1.091666712721126
 1.142605381969423
 1.241594153212273
 1.196189494853038
 1.093126925272757
 1.166642097533333
 1.456831403529902
 1.109307651508497
 1.100776872143789
 1.17412973151103
 1.007713281127214
 1.117922524817071
 2.968741288471176
 3.085021763638792
 2.890201053240768
 3.454689837006219
 3.127266139225601
 1.686955900038096
 1.73916790337766
 1.753178440526255
 2.249656772830211
 2.299288536404766
 1.76586435781853
 1.561511510684029
 1.726774286031489
 1.834404057305235
 1.785264648821816
 1.724823397538156
 1.65401332183979
 1.535849834403106
 1.58900519272082
 1.907473792830338
 3.930849798699686
 3.826878706056821
 3.291018614290384
 3.608634392205517
 3.600503492431898
 3.000669161780648
 3.112861246720196
 3.704052655632098
 3.313539613632902
 3.243233559814359
 2.92620092876786
 2.58841216694073
 2.974137842725268
 2.842766523749665
 3.046599888293092
 2.893126266734307
 2.96546206682581
 2.911993519892935
 3.17130552060735
 3.001013998596796
 2.846749508822296
 2.341505707702393
 2.538540370596876
 2.753223953496006
 3.563926034738545
 2.719805024811104
 2.462032675213119
 2.774029335369096
 2.74824714934817
 2.806050999343563
 2.393558663906831
 2.637410801562449
 2.617872879827137
 3.18414298935219
 2.744104139631428
 2.43733695395618
 2.838528720873017
 2.850882046926135
 2.667966648453497
 2.270760501914994
 3.164701016164378
 3.327186107816614
 3.587948705679522
 3.150935838427397
 3.149549804936929
 3.123446916054574
 3.343959919355551
 3.153048533926056
 3.089042028609605
 3.065025048070981
 3.075596519628466
 3.276546060826643
 2.757763250627413
 3.052153610801966
 2.466586036536245
 3.106384039307246
 3.005087332938433
 3.196047949037045
 2.641853442809099
 2.828075807409103
 1.052625778446958
 1.180993371322603
 1.031396538341505
 1.016459015993619
 1.328678588464015
 1.241133143298712
 1.011296583217643
 1.156335608664878
 0.9675528713446748
 1.189872017236599
 1.455217546055146
 1.319971032236815
 1.241021028640126
 1.227488733818621
 1.713818639982443
 1.314615637880792
 1.394260557378419
 1.332443603440422
 1.217435888711575
 1.546830227562024
 1.506640457860202
 1.244357938023219
 1.314739432700797
 1.273591628082725
 1.340711430737907
 1.454132170616509
 1.307009464478244
 1.14315620594442
 1.213738133929209
 1.259780168100601
 1.243954286454457
 1.242250978370306
 1.328097401910137
 1.280159145845123
 1.831386989184552
 1.344497857551191
 1.270446553571059
 1.454259088986968
 1.186982660446065
 1.670906823004873
 2.841953399515773
 3.235451429299404
 3.224957557097748
 3.288194126555957
 3.030492063309524
 3.325060256534066
 3.174959936534549
 3.212871733840247
 3.017116296186376
 3.536795876945909
 2.950470126819278
 3.16005780058292
 2.960867039706196
 3.22424310143938
 3.132435873585776
 1.811702351705566
 2.047347325056339
 2.341342292361696
 2.585231800971317
 2.235898132111396
 2.662090792767594
 2.668988094924987
 3.421357049871642
 3.117478958833219
 3.243598909810306
 2.857127976707361
 2.603221450319334
 3.226699526109494
 2.93063589403733
 2.866876673948116
 3.517465103113234
 3.134259211292476
 3.296273475563941
 3.17100274779616
