# Created by Octave 3.2.4, Sat Nov 03 23:12:35 2012 CDT <zac1164@zac1164-VirtualBox>
# name: data_skew
# type: matrix
# rows: 500
# columns: 1
 -0.8
 -0.45
 -0.8999999999999999
 -0.8499999999999999
 -0.6499999999999999
 -0.15
 -0.4
 -0.8999999999999999
 -0.6499999999999999
 -0.5499999999999999
 0.1
 -0.09999999999999998
 -0.4
 -0.2
 0.8
 0
 0
 -0.5
 -0.8
 -0.7999999999999999
 -0.2
 -0.3499999999999999
 -0.09999999999999998
 -0.45
 0.2
 0.55
 -1.05
 -1
 -0.4
 -0.7
 1.4
 0.3
 0.5
 0.6000000000000001
 0.6500000000000001
 0.6000000000000001
 1.3
 0
 0.8
 -0.09999999999999998
 0.05
 0.9
 0.5500000000000002
 0.9500000000000001
 0
 0
 0
 0.7
 0.7000000000000001
 1.5
 0.15
 0.5
 0
 0.05
 -0.3499999999999999
 -0.15
 0.2
 -0.2999999999999999
 0.7
 0.2
 0.6000000000000001
 0.5500000000000002
 0.2
 0
 1.1
 1.15
 0.8
 0.5
 0.15
 0
 0.9500000000000001
 -0.7499999999999999
 0.2500000000000001
 1.35
 -0.3499999999999999
 0.4
 -0.4
 1
 -1.5
 0.4
 0.8
 -0.09999999999999998
 1.05
 0.7500000000000001
 0
 0.3
 0.9
 -0.2
 0.2
 1.2
 0.8
 1.7
 1.1
 0.4500000000000001
 0
 -0.25
 0
 0.6500000000000001
 -0.7
 -0.2
 0.4
 0.35
 0.35
 0.7000000000000001
 0.5
 0.2500000000000001
 0.5
 0.55
 0.8500000000000001
 0.5
 0
 0.5
 -0.2
 0.35
 0.15
 -0.2499999999999999
 0.1
 -0.05
 -0.2499999999999999
 -0.2
 -0.15
 0.1
 -0.09999999999999998
 -0.09999999999999998
 -0.6499999999999999
 0
 -0.2999999999999999
 -0.09999999999999998
 0
 0
 -0.15
 0.15
 0.2
 0.1
 0.35
 0.15
 0.25
 0.2500000000000001
 0.5
 0.4
 0.3
 0.6500000000000001
 0.1
 -0.8
 -0.4
 -0.25
 -0.25
 -0.09999999999999998
 -1.1
 -0.25
 0.4
 0.35
 -0.2999999999999999
 1.15
 0.2500000000000001
 -0.35
 -0.2
 -0.05
 -0.35
 0.05
 -0.35
 -0.09999999999999998
 0
 -0.2499999999999999
 0.15
 0
 0.2
 0
 0
 0.2
 -0.45
 -0.09999999999999998
 0.15
 -0.25
 -0.6
 -0.2
 0
 0.15
 0
 0
 0.4500000000000001
 0.35
 0.2500000000000001
 0.6500000000000001
 0.55
 -0.05
 0
 0.7000000000000001
 -0.04999999999999998
 0.2
 0
 0.35
 0.2
 0.4
 0.35
 0.1
 -0.09999999999999998
 0.5
 0.15
 0.8
 0.8
 -0.09999999999999998
 0.15
 -0.45
 1.05
 0.8
 0.35
 0.2500000000000001
 0.2
 0.8
 0
 0.4
 -0.8999999999999999
 0.1
 -0.05
 0
 0.3
 0
 0.55
 -0.45
 0.2500000000000001
 0.8500000000000001
 0.45
 3.3
 0.35
 0.6500000000000001
 -0.09999999999999998
 0.15
 -0.2
 0.2
 -0.15
 0.45
 1
 0.4
 0.6000000000000001
 -0.3
 -0.04999999999999998
 -0.05
 -0.3499999999999999
 0
 0.3
 -0.3
 -0.2999999999999999
 0.4
 -0.25
 0.15
 0.6000000000000001
 0.8
 0.3
 0.35
 0.3
 0.35
 0.9500000000000001
 0.55
 0.5
 -0.2
 0.6000000000000001
 0.4
 -0.09999999999999998
 0.15
 0.7000000000000001
 0.4500000000000001
 0.05000000000000003
 1
 0.5
 0.8500000000000001
 0.4
 -0.09999999999999998
 -0.2499999999999999
 -0.2999999999999999
 -0.25
 -0.2
 0.3
 0.45
 1
 0.1
 1.05
 0.15
 0
 0.2
 0.2500000000000001
 -0.04999999999999998
 0.15
 0.3
 0
 -0.6
 0.5500000000000002
 -0.4
 0
 -0.5
 -0.35
 -0.09999999999999998
 1.25
 0.5
 1.2
 0.5500000000000002
 -0.4
 -0.2999999999999999
 -0.2
 -0.05
 -0.2
 -0.15
 -0.2999999999999999
 0
 0.15
 0.2
 -0.09999999999999998
 0.2
 -0.09999999999999998
 -0.3499999999999999
 0
 0.1
 0
 -0.45
 0.15
 0
 -0.15
 -0.45
 0
 0
 0.1
 -0.35
 0
 0.05
 -0.3
 0.4
 0.1
 0.2500000000000001
 0.1
 0.7000000000000001
 -0.8999999999999999
 -0.25
 -0.15
 0.1
 0.1
 0.9
 0.35
 0
 -0.04999999999999998
 -0.2
 0.15
 0.35
 -0.45
 0.15
 0
 -0.15
 -0.15
 -0.7499999999999999
 -0.45
 -0.3
 0
 0
 -0.2499999999999999
 -0.6
 -0.6
 -0.2
 -0.35
 -0.2
 -0.5499999999999999
 -0.04999999999999998
 -0.05
 0.35
 -0.2
 0.8
 0.2500000000000001
 -0.4
 0.4
 0.35
 1.15
 0.5
 -0.4
 -0.25
 -0.05
 -0.3
 -0.2
 0.4
 -0.7
 0.2500000000000001
 -0.6499999999999999
 -0.05
 -0.7
 0.1
 0
 -0.5
 -0.6
 0.8
 -1
 -0.5
 -1.6
 -0.15
 -1.25
 0
 0.1
 0.1
 0.4
 0.2
 0.55
 -0.2
 0.45
 -0.15
 0.4
 0.2
 0.5
 0.35
 0.15
 -0.4
 0.1
 0
 -0.15
 -0.25
 -0.7
 -0.4
 -0.09999999999999998
 -0.4
 0.2
 0.5500000000000002
 -0.3
 -0.15
 0.1
 0.4500000000000001
 -0.2
 0.6000000000000001
 0.3
 -0.8
 -0.6
 0
 0
 0.2
 0.8
 0.6000000000000001
 0.3
 0.35
 0.15
 0.4500000000000001
 0.35
 0.3
 0.2
 0.3
 0.1
 0.3
 0.7500000000000001
 -0.5
 -0.6499999999999999
 -0.6
 0.6
 0
 -0.6499999999999999
 -0.35
 -0.5
 -0.7999999999999999
 -0.75
 -0.4
 -0.4
 0
 -0.2
 -0.1499999999999999
 -0.2499999999999999
 -0.09999999999999998
 -0.09999999999999998
 -0.5
 -0.4
 -0.7
 -0.6
 0.2500000000000001
 -0.09999999999999998
 -0.45
 0
 -0.7
 -0.5
 -0.4
 -0.09999999999999998
 0.3
 0
 -0.15
 0.2
 0.05000000000000003
 0.2
 0.1
 0.05000000000000003
 0.15
 0.25
 0.15
 0.2500000000000001
 -0.8
 0.05
 0.2
 0.4
 0.4500000000000001
 1.15
 0.6500000000000001
 -0.9499999999999998
 -0.7
 0.1
 0
 -0.3499999999999999
 -0.2
 -0.7999999999999999
 0.1
 -1
 0.05000000000000003
