# Created by Octave 3.2.4, Wed Nov 07 19:45:40 2012 CST <zac1164@zac1164-VirtualBox>
# name: data_slant
# type: matrix
# rows: 500
# columns: 4
 0.1900449622827475 0.484291973242475 -0.2942470109597275 0.612604063322262
 0.2005818179149149 0.485642476442022 -0.2850606585271073 0.626145531448265
 0.2009167059098139 0.4693024054996193 -0.2683856995898053 0.6299698145752479
 0.2052106236638436 0.4581069569949046 -0.252896333331061 0.624914354230901
 0.2315778054962074 0.4902609327004702 -0.2586831272042628 0.6324935175509888
 0.2181202668571027 0.5130873910937346 -0.2949671242366319 0.6235910878112713
 0.2066785766968971 0.4893940578413526 -0.2827154811444556 0.6257049448304046
 0.2215988991567729 0.4846128065005044 -0.2630139073437314 0.6353708359522313
 0.2012796328286693 0.5065354274817728 -0.3052557946531035 0.6177450639080917
 0.2539734302649276 0.4967835985807619 -0.2428101683158344 0.6487911522633745
 0.1727072402532443 0.4530425402714385 -0.2803353000181942 0.6174045369289026
 0.251447556328929 0.496064288756727 -0.2446167324277981 0.6522150700492237
 0.219061826729273 0.4731032340710783 -0.2540414073418054 0.6341236942463936
 0.2178832743518426 0.484810404294777 -0.2669271299429344 0.6358281244886606
 0.2107569562981126 0.4560738021802558 -0.2453168458821432 0.6319957052744598
 0.1967786161938904 0.4591910981908354 -0.2624124819969449 0.6175341296928327
 0.2169550041296937 0.4627172849595627 -0.245762280829869 0.632068667051356
 0.2493181305669623 0.4864209078336236 -0.2371027772666613 0.6458347712057423
 0.2194410630162825 0.4756213601603922 -0.2561802971441097 0.6363773539352969
 0.2021647525303991 0.4747058941683446 -0.2725411416379454 0.6225619231867051
 0.1875110119396201 0.4464498102745867 -0.2589387983349667 0.6117477885746656
 0.1646149248612389 0.4452872474807114 -0.2806723226194725 0.5947637292464879
 0.2059601700505957 0.4825824207443788 -0.276622250693783 0.6132958801498127
 0.1773771575176938 0.4482299187754435 -0.2708527612577496 0.6000084752945165
 0.2049011893432948 0.4655916276078731 -0.2606904382645784 0.6143244464527791
 0.1975871321281885 0.4592440598626231 -0.2616569277344346 0.6085197343308649
 0.1814456519492295 0.4298423905820535 -0.2483967386328241 0.6017371660045182
 0.1977485289071903 0.4572410318050634 -0.2594925028978731 0.6126007439553627
 0.1851238511466919 0.4583537646849704 -0.2732299135382785 0.6036955125918527
 0.2102302381643146 0.4755992306094489 -0.2653689924451343 0.6136672629695885
 -0.05061266017115312 0.3674324277164526 -0.4180450878876057 0.4899711630887536
 2.002580321099035e-05 0.3341551407517259 -0.3341351149485148 0.520254806225206
 0.02405710020668507 0.343864798486423 -0.3198076982797379 0.5339658245099067
 0.03010396895859213 0.3272486124002086 -0.2971446434416165 0.5436658714029042
 0.02073406869698457 0.3741882060229056 -0.3534541373259211 0.531062124248497
 -0.03114259788419274 0.3524148245013686 -0.3835574223855613 0.4936843651318205
 -0.01847672971783709 0.3513397697445618 -0.3698164994623989 0.5038576244813278
 0.01289462178133858 0.3433951060727389 -0.3305004842914003 0.526138775510204
 0.02343967207909136 0.3660436908656658 -0.3426040187865744 0.5336067991098957
 0.02231913093964904 0.3686859416773042 -0.3463668107376551 0.5278171788810087
 0.1407399189282049 0.3698115947625729 -0.229071675834368 0.594364992054761
 0.1453590652685322 0.3884466558790579 -0.2430875906105257 0.5998799879987999
 0.1456073836518718 0.3822965404152649 -0.236689156763393 0.599937935509352
 0.210144955117101 0.432550594293505 -0.222405639176404 0.6409221902017291
 0.1749947328546786 0.396330034305807 -0.2213353014511285 0.6175470278404815
 0.1390682017011914 0.3680683333077278 -0.2290001316065364 0.5924592923693147
 0.163667677722824 0.3920736675371175 -0.2284059898142936 0.6065917375455651
 0.1918795061629825 0.4043494395546736 -0.2124699333916912 0.6305217416328528
 0.1787756160320665 0.3997377628301561 -0.2209621467980895 0.623131086142322
 0.1777486938771961 0.4119243955659412 -0.2341757016887451 0.619564909096066
 0.2261881835149329 0.48655678698681 -0.2603686034718771 0.6256600049346164
 0.2110527613510167 0.4452698046432311 -0.2342170432922144 0.6205982775314681
 0.1969030614395341 0.4442501879626802 -0.2473471265231461 0.615127528583993
 0.1589796527818329 0.4397216439132091 -0.2807419911313762 0.5913597733711048
 0.1780724984793811 0.4780928866061656 -0.3000203881267845 0.6069266803515975
 0.1380863290149816 0.3981756852557837 -0.2600893562408021 0.5816754178910352
 0.17281990407824 0.458877829281693 -0.286057925203453 0.6006543584949755
 0.1114698451617965 0.4069135375042186 -0.2954436923424221 0.5647675541453994
 0.1736842514211003 0.4594636191963146 -0.2857793677752143 0.5960274164218772
 0.1692067497414133 0.45433235687678 -0.2851256071353667 0.5993735475396584
 0.247330436130124 0.4567389642118765 -0.2094085280817524 0.6603998719478479
 0.227786813281042 0.455717520674469 -0.227930707393427 0.6371266190853819
 0.2405018656778256 0.4809476210895442 -0.2404457554117187 0.6519919453547598
 0.1377776456766369 0.3991502347884303 -0.2613725891117934 0.5951991271140207
 0.1464244567264153 0.4431848597374275 -0.2967604030110121 0.5923941749037953
 0.2015526288755579 0.4263744233851444 -0.2248217945095864 0.6357134650735294
 0.1947747337587126 0.4315815868775354 -0.2368068531188227 0.6269478617457528
 0.1744302050053979 0.4278839274846408 -0.2534537224792429 0.6179913361393591
 0.1770906898734786 0.4182750776105922 -0.2411843877371136 0.6226981799978546
 0.1855321211342414 0.4351059962965368 -0.2495738751622954 0.6220916568742656
 0.1513906048531515 0.4063787232664605 -0.2549881184133091 0.6012003131251631
 0.1965967122680615 0.4512760004843667 -0.2546792882163053 0.6117220970805176
 0.2037300669723124 0.4519205656173613 -0.2481904986450489 0.6200981560013341
 0.2125718646947958 0.471132801491855 -0.2585609367970591 0.6262925235441091
 0.3152891301825558 0.5646486335653896 -0.2493595033828338 0.6777245908939107
 0.1656064372103149 0.4322441969734161 -0.2666377597631012 0.6076709563462024
 0.1839357933967976 0.4716690330925429 -0.2877332396957453 0.5978223212076219
 0.2630836068034957 0.508186754330396 -0.2451031475269003 0.656835423440161
 0.1650864706192821 0.4358151906221968 -0.2707287200029147 0.6042304480935151
 0.1966455865501303 0.4695399396248019 -0.2728943530746717 0.6138160295131146
 0.1106729964106335 0.4356583369403759 -0.3249853405297424 0.5706164670798192
 0.09431228855710214 0.4433490392675529 -0.3490367507104508 0.5635508628720998
 0.1337674577149897 0.4318430376531015 -0.2980755799381118 0.5785600802742704
 0.08540378737803823 0.3951073117653082 -0.3097035243872699 0.5554861344739751
 0.06397607452923919 0.3936948066044264 -0.3297187320751871 0.535778775215395
 0.04049670340352861 0.384467322221213 -0.3439706188176845 0.5341276687513479
 0.07552126305712685 0.3949200841582116 -0.3193988211010847 0.5505690457540432
 0.07057931926982157 0.4190891725544321 -0.3485098532846105 0.5476961157654227
 0.09610947445197865 0.4040828784640479 -0.3079734040120693 0.5648683240895164
 0.0348606731234485 0.4203397938897404 -0.3854791207662919 0.5375410312876553
 0.1308497333766996 0.4045321953799496 -0.27368246200325 0.5807081012966953
 0.1198951724385062 0.3763877998122392 -0.2564926273737331 0.5762745021323213
 0.08311294705693512 0.3774228017837343 -0.2943098547267992 0.5551378446115288
 0.1292030493123467 0.4145400447391598 -0.2853369954268131 0.5729498988991238
 0.1003984837379296 0.3649407926993174 -0.2645423089613878 0.5620400258231116
 0.1240276326556613 0.3975473524812913 -0.27351971982563 0.572376158441925
 0.1130267562255163 0.3904744222883311 -0.2774476660628147 0.568539145120431
 0.1967248038047553 0.4231364404604295 -0.2264116366556742 0.6082623140257114
 0.1484473791281313 0.4049383321251577 -0.2564909529970264 0.5848722718816644
 0.1206589438633391 0.4163003632382945 -0.2956414193749554 0.5689042675893887
 0.04469295636356233 0.4154352220779031 -0.3707422657143408 0.5112414467253177
