# Created by Octave 3.2.4, Sat Nov 03 23:32:25 2012 CDT <zac1164@zac1164-VirtualBox>
# name: data_slant_energy
# type: matrix
# rows: 500
# columns: 1
 71227.26418338652
 80607.47177287545
 76668.97194219106
 79065.58894244692
 89106.08653100992
 65322.2206019285
 73468.50151000374
 77484.73636453638
 57563.74298924859
 78131.37599890681
 103886.9640741825
 112762.4210882301
 108258.3202595249
 107515.9669276164
 108413.0383480498
 108346.6585432406
 100071.6090705407
 109789.6632859435
 117599.9114937265
 109628.6273432794
 87634.07792776389
 92848.7506707916
 108192.7078254971
 83039.52657584845
 103584.8824224347
 103622.9004965163
 99368.76498382789
 88348.01174484842
 99565.09491853182
 94407.50093198671
 121413.8557371939
 97052.85786078285
 159211.6340599908
 148749.7323410436
 133998.3201155544
 100288.2812887701
 112283.7877522256
 118750.6006787912
 149780.2127933641
 111708.0266996952
 145618.0755458822
 162963.0928421393
 142956.763820907
 131795.4692234751
 141640.1459712099
 157203.766866582
 144390.9754038994
 151515.5330786164
 150548.4372120296
 146547.4994562982
 52579.02330776348
 65223.27863945349
 72894.08317658494
 60485.24997549976
 54370.06916986127
 79820.93966087719
 70359.58634140278
 64643.68700385558
 61584.75453585804
 64179.77241557835
 161700.5587572854
 135462.5192274084
 88225.92134307847
 159456.8791711086
 103817.6942818041
 170772.5760075937
 111097.329101316
 147889.71297982
 128441.1273972565
 136627.0783944124
 91587.57731794876
 88528.15767999807
 74024.55510574288
 115733.245977744
 89710.82269222777
 85957.58402753604
 64422.88520804959
 99523.03251979835
 117411.0701220945
 106643.7226710222
 76734.9234266461
 90370.20969966544
 100295.7083683532
 73474.0298424341
 66859.17224845478
 79397.7633708207
 68711.43091648551
 62159.81080857485
 101305.8392845129
 94408.69263948032
 84580.62258598233
 96313.28882069397
 77277.82486815125
 82371.35547586194
 87103.51043627899
 78208.22106900332
 104288.5136595946
 78704.72517035746
 86123.11397387554
 69584.95729803633
 37146.9053401425
 33045.74873658303
 42990.186298783
 35831.35642153287
 36211.87711779362
 49014.16528150225
 45551.63449890453
 40165.26208011894
 34830.62541086928
 34089.63617961017
 64103.73236043268
 42961.45484247601
 49539.79281455757
 60211.52092283731
 46320.42276386732
 52138.83693561528
 54809.6667372141
 54095.47816693231
 56573.63046690189
 50842.37949553379
 114048.7993046575
 133817.090637676
 115922.2154958124
 151069.8975504074
 156740.3547255108
 136342.5514056055
 130343.1929968933
 144619.9641955784
 158018.0988506082
 186290.6254744862
 142991.5034360015
 107493.1856262903
 160712.7086909866
 104512.6332758964
 101668.4837522125
 131238.7158313352
 116719.7741489192
 146392.6332019502
 124899.3033951354
 117177.625734289
 109968.5399962018
 71302.76201946764
 95158.94335202206
 103967.4587366647
 96079.14204162706
 87813.15714194432
 102976.8561287302
 94910.03810823029
 101693.895900432
 99804.88343874543
 108279.8315009933
 110774.0944431854
 99456.6335283755
 97982.38669490226
 83407.76980426193
 84862.07905083413
 93868.24293950835
 100696.219212852
 97535.33486650234
 84052.90698858975
 134985.0285420437
 105238.477356766
 122841.1570882798
 143927.0307405228
 180232.6429432048
 137409.5535138069
 82827.73794105055
 168943.228194572
 120708.7804960313
 152624.9856467165
 129548.0892260154
 112118.1865483635
 135369.6901360942
 146353.1347415706
 175325.7538521255
 102736.9460323032
 112417.7531112872
 159982.0424889798
 148679.6562819527
 140745.3455405671
 56378.53894404555
 50859.12854933434
 46281.89414806061
 62499.75068563175
 55916.50458765697
 44904.17015213644
 45937.20623076584
 67441.63251457707
 60363.89923571487
 50241.61701798259
 130172.6088125123
 109644.0967326429
 176095.6012831524
 136195.9204667857
 141688.5386960678
 129517.872059538
 152256.2875991673
 127855.7289890316
 159087.0921284691
 129525.9663104441
 122645.3374950874
 90277.2774848952
 94208.14186400289
 97586.90146574027
 110436.2557277782
 143749.1945367833
 132290.2653708688
 115925.7783567739
 125065.1388039358
 98822.42890252495
 143600.3910649397
 165873.4338479761
 160355.5529325009
 179893.1713642035
 113941.1397622833
 146067.1204527358
 135581.4237816774
 172327.9496842315
 100840.778623836
 143977.8193855377
 85565.27585996009
 79919.74025265589
 85511.54424616064
 73684.86722721544
 75187.69035073573
 77823.22554751782
 83061.5606554565
 79642.4796963445
 70973.68558386028
 75454.99945633496
 75462.74267084911
 179944.4710971502
 159501.4878345856
 114288.2515480506
 104250.4541573525
 178198.2825247467
 87395.21257773574
 186234.7711163357
 110327.2838413475
 154203.6121631631
 116038.5595688968
 82300.82111102388
 98811.480105665
 97077.00075077459
 125514.8348000995
 74729.28301792133
 88842.15094366555
 108242.7426160942
 87541.96301841536
 114665.5002235962
 104523.091537479
 122309.304215744
 118339.0812528326
 94165.2162933104
 117096.4829416535
 119574.149233885
 104697.6565322558
 144487.3913884796
 111198.7959993985
 128139.5289801791
 88444.23867422568
 117406.340095933
 112297.9456216031
 105759.189062145
 116747.49491557
 137617.8224829117
 124164.1024092837
 102128.5437915962
 122268.6609072799
 138073.4951971847
 71980.9825344249
 48334.1922897511
 68879.15421613662
 65244.7282443474
 50312.99408194306
 80765.28805837285
 73805.07335582697
 70452.31349672121
 72830.42325373858
 66025.52890702448
 113884.6300629649
 127952.9609188156
 117320.2137807737
 123321.3554147951
 132577.5144238469
 137133.7861802503
 110763.7837380389
 125384.0617763879
 119797.3545457572
 107506.4717319676
 175425.3144778199
 121803.3704805399
 121578.5668432658
 179347.7537871715
 115974.8326283686
 141994.6336444638
 119567.2254937483
 129687.1833877481
 137167.9675879539
 127839.9314237659
 76980.56308908958
 50820.00898360958
 66619.59759341615
 73220.40701649225
 72652.58348422743
 62178.76987520737
 70346.98238986194
 57292.94488917448
 64897.29032975612
 73132.65941011705
 118367.6623106544
 78473.27463389048
 80542.6179749592
 72213.88826240205
 90107.8578082724
 125630.490183167
 128439.2804223591
 82072.61565458063
 83286.07227506155
 69943.68548265977
 134174.7201072112
 157718.4772228266
 147078.4640684511
 155020.4295133265
 134334.1968806054
 142141.9447106628
 169930.9987399761
 186661.2936931673
 158799.4154854625
 180076.732564372
 150547.7894176637
 126219.8847525945
 115053.7433664515
 147360.8102661568
 141949.1350226272
 94326.09571427127
 135279.7934119945
 100487.0962339012
 119556.17667908
 111283.2949123576
 70225.68047021391
 54679.20231359899
 66772.80235492544
 55993.06006878194
 56071.77689267652
 61940.07860233979
 50860.88575462439
 71980.59680751504
 54564.9117328277
 55488.47460932887
 98043.55346800615
 89378.07600451855
 82970.06002833124
 68257.08841461554
 83078.42597612541
 84046.16980958043
 107166.3386582327
 93726.003209908
 79065.71550252904
 79487.55148553842
 79685.05179428599
 61992.0933160506
 50298.28567158198
 53586.39047391043
 50830.52130450769
 55377.30521233202
 43168.53111911387
 61773.96980119556
 54868.31741797995
 43291.18919579199
 132406.9917017214
 144320.2753876919
 122300.0163424913
 130435.0391276366
 129760.1565092891
 98801.94892574252
 170542.3282796198
 138399.717573335
 158208.6350412496
 124932.7472206654
 214465.2642327897
 217897.8984929123
 172409.610785868
 175431.2201617783
 240771.9831274418
 188493.6760662125
 154577.7842383906
 176899.1766651647
 165808.9790588106
 189376.1959347933
 71154.48760468043
 62860.51104456941
 57802.49065746224
 59247.85892740977
 45762.08259957665
 64767.74912023352
 66668.56988331999
 65824.39293416965
 76511.02708411511
 83554.94345239433
 50906.76359490593
 49863.23919924378
 55306.97473167953
 53956.93759698961
 49306.17816773335
 56634.58155658651
 57433.92752396793
 67630.75419197258
 60510.20863612462
 64936.55598457827
 131280.4537051589
 135591.6771684505
 143548.6795037028
 170348.4853695155
 165535.9716605979
