# Created by Octave 3.2.4, Mon Nov 19 11:39:51 2012 CST <zac1164@zac1164-VirtualBox>
# name: dataTransformed
# type: complex matrix
# rows: 208
# columns: 17
 (5.71389967594103e-09,-93318145.18365306) (-2.071751983284221e-09,33835394.97108824) (-10.25286136698381,0) (-4.685649059504788,0) (2.015881890178449,0) (23.74264291249163,0) (-28.14774720937321,0) (-18.94770970439819,0) (-38.23178799610823,0) (7.838937565165206,0) (-18.5509344390558,0) (-1.609682400169932,0) (-3.632860826196167,0) (10.278964505978,0) (3.345583174534832,0) (12.3544012844178,0) (1.984564386488961,0)
 (5.713899675940982e-09,-93318145.18365228) (-2.071751983284262e-09,33835394.97108892) (-9.75620810522868,0) (-5.291452211771015,0) (2.052289841413244,0) (23.22361992164197,0) (-28.58951383383859,0) (-19.05810304542808,0) (-37.34167568256343,0) (7.590404792732949,0) (-19.87472019686838,0) (-1.428109067506206,0) (-3.964296561358531,0) (10.37788680066244,0) (2.763294261956709,0) (12.11049019376364,0) (1.77608608759384,0)
 (5.713899675941e-09,-93318145.18365255) (-2.071751983284242e-09,33835394.97108858) (-9.518530975745305,0) (-4.81388084445273,0) (1.903030329753031,0) (24.38455573690539,0) (-28.61616724041201,0) (-19.59888464437616,0) (-37.66707110708953,0) (7.60966325205783,0) (-20.09412344351941,0) (-2.913783995674398,0) (-5.194769678424626,0) (12.12839141354984,0) (2.259350015690047,0) (12.1697226267586,0) (0.9569942901583198,0)
 (5.713899675941001e-09,-93318145.18365258) (-2.07175198328432e-09,33835394.97108984) (-9.818718118568917,0) (-5.179806653122734,0) (1.798645365375931,0) (23.7879788867222,0) (-28.89393748747308,0) (-18.6466385712291,0) (-37.39571488703542,0) (7.1268456960725,0) (-20.64297458700764,0) (-1.709275217458699,0) (-4.352270495012943,0) (10.73679858367011,0) (2.666387940947563,0) (12.95162109989304,0) (0.8152239302593015,0)
 (5.713899675941012e-09,-93318145.18365274) (-2.071751983284231e-09,33835394.9710884) (-9.851724204756298,0) (-4.458446665907344,0) (1.578038642609398,0) (23.89465631904201,0) (-28.62411328646889,0) (-19.39013606425991,0) (-38.38456197907415,0) (7.458051426818232,0) (-18.97821053744372,0) (-2.930861404121678,0) (-5.120649229291032,0) (12.40779873782593,0) (3.426656548227327,0) (11.89737487026973,0) (1.531027899903683,0)
 (5.713899675941012e-09,-93318145.18365276) (-2.071751983284249e-09,33835394.97108869) (-9.832058013526972,0) (-5.034940816335467,0) (2.156095210749703,0) (23.89940477385695,0) (-28.01641083131247,0) (-19.02445620300114,0) (-37.97478799158116,0) (7.810838259492616,0) (-19.62352201127378,0) (-1.653743368167851,0) (-4.098100798017636,0) (10.64632840095542,0) (4.109023489887559,0) (12.16987521982986,0) (1.817986056182681,0)
 (5.71389967594102e-09,-93318145.18365289) (-2.071751983284279e-09,33835394.97108918) (-9.981219890978254,0) (-4.774571700059747,0) (1.470766240206984,0) (23.68274789560198,0) (-27.58240961599859,0) (-19.019642031152,0) (-38.38539580931726,0) (7.363054889630553,0) (-18.97968986120587,0) (-2.420477152355403,0) (-4.651606654901775,0) (12.64805589238538,0) (2.563967336235584,0) (11.23073191936867,0) (2.045049145118224,0)
 (5.713899675940999e-09,-93318145.18365254) (-2.071751983284349e-09,33835394.97109033) (-9.976957164807558,0) (-5.519113461042158,0) (1.684313109790272,0) (23.4743145130869,0) (-28.18209206664925,0) (-18.87862351156495,0) (-37.88728633151316,0) (7.20642751489566,0) (-19.94389322436284,0) (-3.576827504334646,0) (-5.290853465074469,0) (13.22644019134427,0) (2.417150909985713,0) (11.26516933561899,0) (0.9215365436292978,0)
 (5.713899675941008e-09,-93318145.1836527) (-2.071751983284326e-09,33835394.97108995) (-11.93283891143684,0) (-7.512687772601284,0) (3.48358277488599,0) (23.18327399359367,0) (-27.98207104146163,0) (-20.14352022072168,0) (-36.86041204079942,0) (10.05424511159089,0) (-20.4945060566506,0) (-0.8360103796341756,0) (-1.458537798025872,0) (8.493327198978509,0) (1.680561631773891,0) (10.33843570671221,0) (6.087277017920061,0)
 (5.713899675940986e-09,-93318145.18365234) (-2.071751983284377e-09,33835394.97109079) (-10.85819223637348,0) (-6.962437853554558,0) (2.579729775052598,0) (22.4647494335061,0) (-27.75179920620785,0) (-19.91324421308244,0) (-40.19383260848675,0) (8.414517027600155,0) (-17.30367888396861,0) (-2.647182183496264,0) (-1.917961496496273,0) (9.560808488683923,0) (2.793945757065788,0) (12.4657990511777,0) (1.418630958468574,0)
 (5.71389967594097e-09,-93318145.18365207) (-2.071751983284297e-09,33835394.97108948) (-10.69353666491206,0) (-6.824363845027518,0) (2.809937565400562,0) (22.67143829032173,0) (-27.69923493824552,0) (-20.58728170124427,0) (-39.44323813618476,0) (8.243194602911748,0) (-17.58417561451322,0) (-2.251981969517881,0) (-1.72096642751467,0) (9.487615966144967,0) (1.80797205313107,0) (11.82152289166767,0) (2.906024636505434,0)
 (5.713899675941022e-09,-93318145.18365292) (-2.071751983284293e-09,33835394.97108941) (-12.13722164478778,0) (-6.814118120327361,0) (3.04786333677646,0) (22.55616414993297,0) (-28.19762718772088,0) (-20.18247540979579,0) (-39.10769761484164,0) (8.924547468981643,0) (-18.73708189183458,0) (-2.232277239727499,0) (-1.749706779881862,0) (9.191032482935691,0) (1.863524128625246,0) (12.62794107179157,0) (2.871816698083513,0)
 (5.713899675941015e-09,-93318145.1836528) (-2.07175198328431e-09,33835394.97108968) (-11.52803873367351,0) (-6.460716286132145,0) (2.542579032571143,0) (22.92191475319679,0) (-27.73220721887196,0) (-20.36779905184023,0) (-38.95571993357201,0) (9.212752942116792,0) (-18.90851941391417,0) (-1.689227423467655,0) (-1.710821526181314,0) (9.345124451042507,0) (1.638537342268783,0) (11.78929389728901,0) (4.591627615269206,0)
 (5.713899675940979e-09,-93318145.18365222) (-2.071751983284193e-09,33835394.97108779) (-9.848737646341593,0) (-5.932195703741245,0) (3.162176635690987,0) (22.77286321451079,0) (-27.60805302682345,0) (-18.75695915413014,0) (-37.79128959251189,0) (7.442898184353827,0) (-17.2288119876213,0) (-4.307473926273603,0) (-2.651361523243711,0) (8.409760012911462,0) (1.861122882959581,0) (13.52466107670161,0) (2.13132609456514,0)
 (5.713899675940977e-09,-93318145.18365219) (-2.071751983284376e-09,33835394.97109076) (-10.67212917953299,0) (-7.017687387641876,0) (2.668908618226481,0) (22.9402517343968,0) (-27.89048301710953,0) (-20.32587845403737,0) (-39.56885184994459,0) (8.490270985711241,0) (-18.13429363703699,0) (-2.654539243354432,0) (-1.69761210023695,0) (9.396472963204189,0) (1.876062286536146,0) (12.23247949222494,0) (2.501822526128819,0)
 (5.713899675941012e-09,-93318145.18365276) (-2.071751983284333e-09,33835394.97109006) (-12.10378006585196,0) (-7.198454180751431,0) (3.026416925484939,0) (22.38616085651531,0) (-28.20197527520945,0) (-19.99693984399413,0) (-38.98678591255048,0) (8.642342516018577,0) (-18.94873673749882,0) (-2.309410676554947,0) (-1.772456356997379,0) (9.604627611038875,0) (1.306813897756826,0) (12.45474001770174,0) (2.71764203355969,0)
 (5.713899675941e-09,-93318145.18365256) (-2.071751983284221e-09,33835394.97108824) (-10.27379290153313,0) (-6.339786044157532,0) (3.615272647699339,0) (24.11297199547252,0) (-27.59085538044753,0) (-20.1777871800891,0) (-38.15265060229126,0) (9.245902144356467,0) (-19.46749926631557,0) (-2.943945809759444,0) (-2.971362649532803,0) (9.085040641374045,0) (1.866801696369705,0) (11.32669773762074,0) (3.521385374064522,0)
 (5.713899675941048e-09,-93318145.18365335) (-2.071751983284218e-09,33835394.97108819) (-10.96414473935272,0) (-6.14981519628325,0) (4.012904723602329,0) (24.50889487775975,0) (-27.78112786962361,0) (-19.43077056771246,0) (-39.03120421553417,0) (8.817338399994055,0) (-18.87806042260246,0) (-4.484698088025724,0) (-3.302094860358809,0) (10.16895701547536,0) (2.677530195113282,0) (11.20134171593181,0) (1.920678168029691,0)
