# Created by Octave 3.2.4, Mon Nov 19 11:28:04 2012 CST <zac1164@zac1164-VirtualBox>
# name: f
# type: complex matrix
# rows: 17
# columns: 17
 (-3.461091582950017e-10,5652578.189141144) (-9.120654723872695e-08,1489565148.082777) (4.490785701058862,0) (4.539170633472163,0) (-3.945494736599814,-0) (-32.79057389574148,-0) (18.27232659177238,0) (-1.995342699535583,-0) (9.084887475243486,0) (22.89371091516368,0) (2.380825121843082,0) (-2.278057183882709,-0) (5.446401033863122,0) (0.01868468283820808,0) (0.0006493370181998408,0) (0.01305342056755699,0) (2.862882626405754e-12,0)
 (3.461091582943841e-10,-5652578.189131059) (9.120654723872816e-08,-1489565148.082797) (4.825700022655513,0) (3.541948634737325,0) (-4.267216508543886,-0) (-12.95252725251418,-0) (4.606287185945146,0) (-0.04908620313545226,-0) (1.335808123861117,0) (19.05857432195983,0) (-14.38343751232624,-0) (0.8925993058076829,0) (3.414550284080837,0) (0.01523554262792392,0) (0.003420259110224815,0) (-0.002366256819418383,-0) (-1.233633016923914e-11,-0)
 (3.461091582942639e-10,-5652578.189129096) (9.120654723872994e-08,-1489565148.082826) (-0.3349143215725894,-0) (0.9972219986551364,0) (0.3217217719178598,0) (-19.83804664322442,-0) (13.66603940582484,0) (-1.946256496395494,-0) (7.749079351380872,0) (3.83513659320415,0) (16.76426263416921,0) (-3.170656489690402,-0) (2.031850749782307,0) (0.003449140210284189,0) (-0.002770922092024989,-0) (0.01541967738697537,0) (1.519921279564489e-11,0)
 (3.046259077551239e-22,-4.975082920389752e-06) (-1.613258844936661e-21,2.634738648711364e-05) (-3.05817675963336,-0) (-0.2246349328554446,-0) (2.747418280210309,0) (39.09351032374975,0) (-38.83386780008419,-0) (-25.8935567551132,-0) (-41.88649823169657,-0) (4.007245122688325,0) (3.440752261414925,0) (-0.1067360545355497,-0) (4.980335565872879,0) (0.01725793967010625,0) (0.001873970511260347,0) (0.002026740102504052,0) (3.939501220142223e-12,0)
 (-7.813919693551563e-24,1.27615207436445e-07) (2.255990497415138e-23,-3.684433761712064e-07) (0.06513225755402127,0) (0.05585445987792065,0) (-0.03891452561411374,-0) (-0.2631397678621176,-0) (0.1209390828673087,0) (-0.04668742563600522,-0) (0.2622236387367745,0) (-0.1510439922881343,-0) (0.1629119794786668,0) (-0.2949020975990206,-0) (-0.17532678652667,-0) (0.9996590364814446,0) (-0.0490235268960859,-0) (-0.5902990309012991,-0) (-9.413688287900555e-11,-0)
 (-1.426385445240933e-24,2.329541147306218e-08) (1.043136273218697e-23,-1.703627079775872e-07) (-0.03584315292808707,-0) (-0.05977829730230133,-0) (0.04163822134373106,0) (0.01378842577759242,0) (0.09576157591365299,0) (-0.07373039338683916,-0) (0.159561379439433,0) (0.02120118883763105,0) (0.1185661421387288,0) (0.04101109944287617,0) (-0.02455473336026222,-0) (0.02283659131376774,0) (1.13286301347147,0) (-0.04657864836455197,-0) (1.722754975902316e-11,0)
 (5.45573119118528e-24,-8.910179461598001e-08) (8.744983537777407e-23,-1.4282113612234e-06) (-0.3850210064804887,-0) (0.2685706842623294,0) (0.1734585492388404,0) (0.328181942108296,0) (-0.4153500898182326,-0) (-0.8828877541542397,-0) (-0.07076165809020304,-0) (-0.2313504797598633,-0) (-0.2874839577893969,-0) (-0.1433503087478211,-0) (-0.3693068996701809,-0) (0.756836613525096,0) (0.03055852340181691,0) (0.7802460820329755,0) (2.088676424481842e-10,0)
 (5.713899675941153e-09,-93318145.18365507) (-2.071751983291544e-09,33835394.97120787) (-112.826224135358,-0) (-119.305206270281,-0) (13.55112619353029,0) (-8.493636234418679,-0) (-53.55761864162163,-0) (-7.382318265619897,-0) (24.01497561458469,0) (3.889527736061279,0) (0.3709422155980269,0) (-0.02968280061024526,-0) (-0.0005844134834888221,-0) (-0.002241469067132245,-0) (-0.0008328112573349174,-0) (-0.001238181701885479,-0) (-2.46122087250578e-12,-0)
 (5.713899675939607e-09,-93318145.18362983) (-2.07175198327489e-09,33835394.9709359) (3.948808039458107,0) (-0.8200793784427982,-0) (56.7023826643854,0) (-49.16729233986209,-0) (11.96430375259177,0) (-5.539121383517377,-0) (-14.03118844813923,-0) (-25.49874831949316,-0) (-3.944474614616814,-0) (-2.341692220942014,-0) (3.492042394685518,0) (0.003907734086005726,0) (0.002935346573614174,0) (0.002865328124632787,0) (2.069889571278123e-12,0)
 (5.713899675934559e-09,-93318145.18354736) (-2.071751983292382e-09,33835394.97122157) (134.5088276825324,0) (-96.1353202183865,-0) (8.839490991286064,0) (36.88007554626596,0) (31.72286429297142,0) (-40.21976194566189,-0) (12.18801702827717,0) (1.75586260804349,0) (-0.3926677901452328,-0) (-0.1381606214018744,-0) (-0.1905506450151216,-0) (-0.003358905878344283,-0) (-0.001385736321392534,-0) (-0.002210055916226123,-0) (-1.907239579817251e-12,-0)
 (5.713899675939703e-09,-93318145.18363138) (-2.071751983291726e-09,33835394.97121085) (-10.01307392141348,-0) (-14.48670947084331,-0) (-96.50338617118005,-0) (-42.96601180551318,-0) (6.09482531266731,0) (-18.21602405072473,-0) (-25.27793276572256,-0) (5.091255068509202,0) (0.9794099882477442,0) (2.058001219061225,0) (-3.406688670149729,-0) (-0.007366043039351078,-0) (-0.0005808580904328429,-0) (-0.004847595056488165,-0) (1.224074906127238e-13,0)
 (5.713899675938495e-09,-93318145.18361165) (-2.071751983270884e-09,33835394.97087047) (131.7328282965564,0) (138.9844541693841,0) (-9.972541047611363,-0) (-6.039776790649658,-0) (-47.5344909484295,-0) (5.079456535505535,0) (16.66618306285588,0) (1.136011182228059,0) (0.75468885568448,0) (-0.1064220821353475,-0) (0.07711531754563233,0) (-0.001105171692910057,-0) (4.362323356324002e-05,0) (0.0003949043286604302,0) (-3.638693268299268e-13,-0)
 (5.713899675941737e-09,-93318145.18366459) (-2.071751983296642e-09,33835394.97129115) (-6.381639011195173,-0) (-37.8627156857479,-0) (-60.02548295445371,-0) (35.49935391850454,0) (13.29552153212716,0) (59.64518520303976,0) (-0.9920620984168701,-0) (-6.701606512473894,-0) (-0.154988012649123,-0) (-1.709772604074659,-0) (3.458964793875605,0) (0.01412376545461116,0) (0.002035143345440461,0) (0.009526167647357605,0) (3.787071256911009e-12,0)
 (5.71389967594841e-09,-93318145.18377358) (-2.071751983263128e-09,33835394.97074381) (-147.2235278774823,-0) (130.7576669618314,0) (2.730419371607555,0) (32.78254751860391,0) (28.64696211471767,0) (-26.17048532795772,-0) (9.203297704242869,0) (1.004503566413942,0) (-0.5486985777668523,-0) (-0.3646941549830897,-0) (0.06448585973706215,0) (-0.00350856946782439,-0) (-0.0008621940018757614,-0) (-0.002873757647575703,-0) (-1.789255222248047e-12,-0)
 (5.71389967594135e-09,-93318145.18365827) (-2.071751983276609e-09,33835394.97096397) (6.254000927303435,0) (-1.132090107721029,-0) (84.67799095243311,0) (1.504740187033175,0) (9.367632584961612,0) (32.80306923491299,0) (-21.77129009767761,-0) (19.32319467070907,0) (2.935787935647932,0) (2.632423265086026,0) (-3.494784637195516,-0) (-0.0004513403950551144,-0) (-0.001352513481581903,-0) (-0.001616809778475277,-0) (5.422166825991886e-13,0)
 (4.742673808899876e-30,-7.745629922785418e-14) (-4.43879722485313e-29,7.249345409646559e-13) (-3.740192335259741e-06,-0) (-2.920989140184332e-06,-0) (1.441012820196825e-06,0) (8.420133435708936e-07,0) (-4.888694679282826e-07,-0) (-2.013462677770021e-06,-0) (1.369985075013834e-05,0) (7.199057473075281e-06,0) (-1.53878969417597e-05,-0) (8.856306852743137e-06,0) (2.161916383432047e-06,0) (-2.900604306637695e-06,-0) (-1.3791710346696e-06,-0) (-9.863484551061493e-06,-0) (2.210792612267868e-05,0)
 (4.054352519508644e-23,-6.621478823548071e-07) (-9.239076540074923e-22,1.508905537071059e-05) (1.259280677210696,0) (-1.598823876966689,-0) (-0.2560116996685037,-0) (5.461505128074941,0) (-7.097769868409857,-0) (-0.8506239501806961,-0) (-8.797978683018446,-0) (6.06034995318165,0) (-3.778040422901001,-0) (-13.8634320730369,-0) (-3.356821472531868,-0) (-0.03547607751572347,-0) (0.00375900457528909,0) (-0.004076579998167962,-0) (8.624187785643958e-12,0)
